0 223.334
1 238.656
2 240.439
3 229.828
4 210.517
5 190.943
6 167.807
7 143.118
8 120.372
9 98.8976
10 80.6221
11 66.6522
12 57.3338
13 53.5244
14 53.9596
15 56.8293
16 61.1702
17 66.2752
18 71.6891
19 76.9952
20 81.7781
21 85.975
22 89.5331
23 92.3605
24 94.6298
25 96.8047
26 98.9886
27 100.824
28 102.145
29 102.968
30 103.281
31 103.038
32 102.118
33 100.419
34 98.0101
35 94.9853
36 91.5013
37 88.1193
38 85.1363
39 83.1329
40 82.787
41 83.9405
42 85.8614
43 88.3889
44 91.4212
45 94.2971
46 96.9208
47 99.1774
48 101.129
49 102.799
50 104.298
51 105.594
52 106.58
53 107.146
54 107.203
55 106.804
56 106.044
57 104.895
58 103.356
59 101.414
60 99.0961
61 96.4707
62 93.6733
63 91.1148
64 89.5698
65 88.867
66 88.2226
67 87.5833
68 86.8527
69 85.9056
70 84.7664
71 83.6035
72 82.5275
73 81.4705
74 80.3136
75 79.0388
76 77.7281
77 76.4046
78 75.0576
79 73.6528
80 72.2685
81 71.0641
82 70.1216
83 69.429
84 68.9068
85 68.4983
86 68.1913
87 72.3625
88 78.2489
89 78.3326
90 78.5543
91 78.8691
92 79.2582
93 79.6131
94 79.8525
95 79.9366
96 79.8479
97 79.5849
98 79.1959
99 78.7167
100 78.2628
101 77.8729
102 77.5005
103 77.141
104 76.7737
105 76.3977
106 76.0002
107 75.5843
108 75.1096
109 74.5837
110 74.0273
111 73.4355
112 72.8078
113 72.1517
114 71.5
115 70.8774
116 70.3111
117 69.8483
118 69.5245
119 69.3738
120 69.5028
121 70.0056
122 70.8661
123 72.0023
124 73.3521
125 74.8796
126 76.5631
127 78.3528
128 80.22
129 82.1113
130 83.9993
131 85.8532
132 87.6423
133 89.3326
134 90.8986
135 92.327
136 93.6156
137 94.756
138 95.7424
139 96.5676
140 97.2608
141 97.8251
142 98.2755
143 98.6521
144 99.066
145 99.5439
146 99.9882
147 100.353
148 100.581
149 100.65
150 100.569
151 100.347
152 99.9914
153 99.5006
154 98.8862
155 98.1578
156 97.3237
157 96.4056
158 95.4119
159 94.3724
160 93.3155
161 92.251
162 91.2036
163 90.2415
164 89.3267
165 88.4305
166 87.5322
167 86.6261
168 85.7011
169 84.7605
170 83.8026
171 82.8313
172 81.8505
173 80.86
174 79.9167
175 79.1498
176 78.5674
177 78.0584
178 77.5465
179 77.022
180 76.4494
181 75.7782
182 75.0048
183 74.1165
184 73.1154
185 71.9942
186 70.7626
187 69.437
188 68.0311
189 66.585
190 65.1445
191 63.7769
192 62.4945
193 61.2655
194 60.098
195 59.0399
196 58.0912
197 57.2608
198 56.5847
199 56.1938
200 55.8752
201 55.6187
202 55.462
203 55.2944
204 55.0881
205 54.8284
206 54.5278
207 61.3925
208 64.9082
209 64.4681
210 63.9667
211 63.4614
212 62.9865
213 62.4915
214 61.9246
215 61.2732
216 60.5491
217 59.7539
218 58.9018
219 58.0332
220 57.1845
221 56.3877
222 55.7058
223 55.1996
224 54.855
225 54.6318
226 54.5238
227 54.5835
228 55.0505
229 55.9849
230 57.115
231 58.3988
232 59.8667
233 61.5685
234 63.5646
235 65.9273
236 68.7139
237 71.9617
238 75.6943
239 79.8982
240 84.5312
241 89.5076
242 94.7194
243 100.045
244 105.353
245 110.521
246 115.43
247 119.995
248 124.154
249 127.885
250 131.159
251 134.005
252 136.433
253 138.337
254 139.805
255 141.539
256 143.249
257 144.469
258 145.1
259 145.076
260 144.35
261 142.972
262 140.944
263 138.351
264 135.566
265 132.854
266 130.282
267 127.809
268 125.537
269 123.462
270 121.666
271 120.185
272 119.196
273 118.633
274 118.325
275 118.11
276 117.919
277 117.629
278 117.196
279 116.647
280 115.964
281 115.167
282 114.354
283 113.644
284 113.257
285 113.195
286 113.454
287 114.081
288 115.086
289 116.429
290 117.991
291 119.571
292 121.13
293 122.628
294 124.055
295 125.375
296 126.579
297 127.651
298 128.563
299 129.362
300 130.055
301 130.614
302 130.945
303 131.035
304 130.923
305 130.748
306 130.611
307 130.395
308 129.971
309 129.256
310 128.538
311 127.981
312 127.647
313 127.449
314 127.283
315 127.061
316 126.788
317 126.384
318 125.832
319 125.128
320 124.29
321 123.323
322 122.227
323 121.042
324 119.826
325 118.781
326 117.909
327 117.043
328 116.085
329 115
330 113.77
331 112.382
332 110.856
333 109.201
334 107.435
335 105.586
336 103.703
337 101.837
338 100.061
339 98.5199
340 97.22
341 96.037
342 94.9264
343 94.0528
344 93.4236
345 92.8568
346 92.2759
347 91.6261
348 90.8673
349 89.9759
350 88.9387
351 87.7639
352 86.4543
353 85.0361
354 83.5406
355 82.0096
356 80.4812
357 78.9911
358 77.963
359 77.1111
360 76.1639
361 75.1221
362 73.9303
363 72.5815
364 71.123
365 69.5031
366 67.7344
367 65.8445
368 63.8419
369 61.8383
370 60.0431
371 58.4877
372 57.0379
373 55.7724
374 54.8558
375 54.2846
376 53.8819
377 53.5575
378 53.2692
379 52.9537
380 52.6165
381 52.2473
382 51.8878
383 51.6434
384 51.502
385 51.4361
386 51.3852
387 51.2724
388 51.1052
389 50.922
390 50.7887
391 50.7715
392 50.8619
393 51.1225
394 51.5338
395 52.003
396 52.4264
397 52.7741
398 53.0255
399 53.175
400 53.2224
401 53.1942
402 53.1088
403 53.0217
404 52.9872
405 53.0281
406 53.2401
407 53.6441
408 54.0965
409 54.5742
410 55.0391
411 55.4642
412 55.8467
413 56.18
414 56.4669
415 56.6938
416 56.8559
417 56.9677
418 57.0287
419 57.0509
420 57.0592
421 57.0664
422 57.1093
423 57.2087
424 57.3745
425 57.535
426 57.6403
427 57.6944
428 57.6965
429 57.6618
430 57.6096
431 57.5499
432 57.5051
433 57.4877
434 57.491
435 57.5153
436 57.5486
437 57.6027
438 57.6765
439 57.7583
440 57.8367
441 57.9123
442 57.9832
443 58.0557
444 58.1321
445 58.2179
446 58.2652
447 58.2567
448 58.1948
449 58.0829
450 57.9158
451 57.7008
452 57.444
453 57.1495
454 56.8243
455 56.4789
456 56.1295
457 55.7842
458 55.4659
459 55.1981
460 55.0398
461 54.9771
462 54.9028
463 54.8098
464 54.6977
465 54.571
466 54.4307
467 54.2734
468 54.0983
469 53.9034
470 53.6906
471 53.461
472 53.2149
473 52.9538
474 52.6745
475 52.3802
476 52.0714
477 51.7478
478 51.4138
479 51.0673
480 50.7126
481 50.3508
482 49.9783
483 49.5944
484 49.1977
485 48.7874
486 48.3652
487 47.9305
488 47.488
489 47.0482
490 46.6238
491 46.2301
492 45.8689
493 45.5369
494 45.2258
495 44.9275
496 44.6352
497 44.3464
498 44.0612
499 43.7762
500 43.4877
501 43.1848
502 42.8634
503 42.5201
504 42.1521
505 41.7664
506 41.3612
507 40.9326
508 40.479
509 40.0055
510 39.5149
511 39.0088
512 38.4913
513 37.966
514 37.4438
515 36.9207
516 36.4058
517 35.912
518 35.4477
519 35.0312
520 34.6603
521 34.3469
522 34.0601
523 33.7981
524 33.5609
525 33.3482
526 33.152
527 32.9632
528 32.7916
529 32.6304
530 32.4874
531 32.3525
532 32.2343
533 32.1283
534 32.0438
535 31.9742
536 31.9267
537 31.8924
538 31.8739
539 31.8753
540 31.882
541 31.8995
542 31.9261
543 31.9526
544 31.9844
545 32.0141
546 32.0399
547 32.0612
548 32.0798
549 32.0913
550 32.0929
551 32.0832
552 32.0641
553 32.0305
554 31.9856
555 31.9225
556 31.8454
557 31.7564
558 31.6509
559 31.5312
560 31.4008
561 31.261
562 31.1147
563 30.9535
564 30.7871
565 30.6159
566 30.4392
567 30.2623
568 30.0845
569 29.9135
570 29.744
571 29.5819
572 29.4252
573 29.2819
574 29.1477
575 29.0276
576 28.9212
577 28.8347
578 28.789
579 28.8112
580 28.9155
581 29.1087
582 29.3245
583 29.5359
584 29.7402
585 29.9367
586 30.128
587 30.3126
588 30.4833
589 30.6349
590 30.7688
591 30.8862
592 30.9876
593 31.0733
594 31.1475
595 31.2089
596 31.2549
597 31.2826
598 31.2946
599 31.2917
600 31.272
601 31.2351
602 31.1814
603 31.1116
604 31.026
605 30.9248
606 30.8084
607 30.6768
608 30.5321
609 30.3766
610 30.2153
611 30.0555
612 29.9004
613 29.7536
614 29.6206
615 29.4977
616 29.385
617 29.2789
618 29.1745
619 29.0687
620 28.9608
621 28.8496
622 28.7353
623 28.6169
624 28.495
625 28.372
626 28.2436
627 28.1101
628 27.9705
629 27.8266
630 27.677
631 27.5233
632 27.3659
633 27.2046
634 27.0402
635 26.875
636 26.7098
637 26.5453
638 26.3781
639 26.2037
640 26.0224
641 25.8344
642 25.6393
643 25.4371
644 25.2288
645 25.0145
646 24.7948
647 24.5689
648 24.3383
649 24.1027
650 23.8623
651 23.6186
652 23.3712
653 23.1213
654 22.8688
655 22.6135
656 22.3565
657 22.0975
658 21.841
659 21.5932
660 21.3601
661 21.1487
662 20.9579
663 20.7876
664 20.6341
665 20.4981
666 20.381
667 20.2791
668 20.191
669 20.1177
670 20.0577
671 20.0085
672 19.9694
673 19.9409
674 19.9189
675 19.9039
676 19.8961
677 19.8941
678 19.8987
679 19.9103
680 19.9356
681 19.9944
682 20.0797
683 20.1743
684 20.2793
685 20.3874
686 20.492
687 20.5891
688 20.6817
689 20.7693
690 20.8493
691 20.9241
692 20.994
693 21.0567
694 21.1117
695 21.162
696 21.2055
697 21.2407
698 21.2672
699 21.2871
700 21.3026
701 21.313
702 21.3167
703 21.3154
704 21.3123
705 21.3045
706 21.2916
707 21.2763
708 21.2589
709 21.2379
710 21.2149
711 21.1888
712 21.1585
713 21.1261
714 21.0911
715 21.0521
716 21.0093
717 20.9622
718 20.9107
719 20.8542
720 20.7932
721 20.7291
722 20.6599
723 20.5865
724 20.5089
725 20.4276
726 20.3414
727 20.2507
728 20.1575
729 20.0611
730 19.9609
731 19.8582
732 19.7523
733 19.6444
734 19.5345
735 19.4216
736 19.3078
737 19.1933
738 19.077
739 18.9605
740 18.8418
741 18.7228
742 18.6053
743 18.4878
744 18.372
745 18.258
746 18.1426
747 18.0273
748 17.9132
749 17.798
750 17.683
751 17.5677
752 17.4498
753 17.331
754 17.2119
755 17.0913
756 16.9703
757 16.8484
758 16.7255
759 16.6002
760 16.4741
761 16.3473
762 16.2196
763 16.0907
764 15.9613
765 15.8311
766 15.7003
767 15.5694
768 15.438
769 15.3064
770 15.1743
771 15.0428
772 14.9109
773 14.779
774 14.6467
775 14.5154
776 14.3844
777 14.2544
778 14.1252
779 13.9971
780 13.8702
781 13.7454
782 13.6236
783 13.5037
784 13.3855
785 13.2684
786 13.1524
787 13.0378
788 12.926
789 12.817
790 12.7097
791 12.6041
792 12.4991
793 12.3953
794 12.2921
795 12.1879
796 12.0831
797 11.9773
798 11.8701
799 11.762
800 11.6529
801 11.543
802 11.4319
803 11.3201
804 11.2089
805 11.1007
806 11.0035
807 10.9166
808 10.8372
809 10.7649
810 10.7009
811 10.6444
812 10.5941
813 10.5512
814 10.5145
815 10.4848
816 10.4601
817 10.4426
818 10.4298
819 10.4219
820 10.4195
821 10.422
822 10.4313
823 10.4462
824 10.4652
825 10.4881
826 10.5139
827 10.544
828 10.5769
829 10.6152
830 10.6584
831 10.7087
832 10.7701
833 10.8418
834 10.9171
835 10.9973
836 11.0791
837 11.1592
838 11.2375
839 11.3138
840 11.3882
841 11.4607
842 11.5311
843 11.5994
844 11.6659
845 11.7305
846 11.793
847 11.8536
848 11.9126
849 11.9696
850 12.024
851 12.0766
852 12.1269
853 12.1749
854 12.2203
855 12.2634
856 12.3039
857 12.342
858 12.3775
859 12.4106
860 12.4408
861 12.4687
862 12.494
863 12.5166
864 12.5366
865 12.5539
866 12.5683
867 12.5798
868 12.5886
869 12.5946
870 12.598
871 12.5985
872 12.5964
873 12.5915
874 12.584
875 12.5738
876 12.5607
877 12.5453
878 12.5275
879 12.5072
880 12.4843
881 12.459
882 12.4311
883 12.4008
884 12.368
885 12.3331
886 12.2959
887 12.2563
888 12.215
889 12.1732
890 12.1317
891 12.0895
892 12.0459
893 12.001
894 11.9539
895 11.9041
896 11.8515
897 11.796
898 11.7379
899 11.6771
900 11.6134
901 11.547
902 11.4775
903 11.4049
904 11.3291
905 11.2504
906 11.1689
907 11.0842
908 10.9966
909 10.9061
910 10.8127
911 10.7162
912 10.6166
913 10.514
914 10.4086
915 10.3003
916 10.189
917 10.0748
918 9.95779
919 9.8381
920 9.71572
921 9.59099
922 9.46381
923 9.33411
924 9.20202
925 9.06764
926 8.931
927 8.79232
928 8.65184
929 8.50979
930 8.36637
931 8.22171
932 8.07563
933 7.92844
934 7.78009
935 7.63115
936 7.48157
937 7.33257
938 7.1839
939 7.03537
940 6.88663
941 6.73756
942 6.58819
943 6.43936
944 6.29095
945 6.14345
946 5.99682
947 5.85219
948 5.71183
949 5.57899
950 5.45063
951 5.32638
952 5.20659
953 5.09188
954 4.98268
955 4.87961
956 4.78136
957 4.68662
958 4.59573
959 4.50773
960 4.42266
961 4.34038
962 4.26038
963 4.1831
964 4.10886
965 4.03769
966 3.96883
967 3.903
968 3.84026
969 3.78229
970 3.73588
971 3.71065
972 3.70959
973 3.72895
974 3.76126
975 3.79726
976 3.83597
977 3.87737
978 3.92013
979 3.96389
980 4.00876
981 4.0548
982 4.10151
983 4.14894
984 4.19734
985 4.246
986 4.29503
987 4.34439
988 4.39409
989 4.44425
990 4.49477
991 4.54527
992 4.59574
993 4.64614
994 4.69654
995 4.74712
996 4.79824
997 4.8504
998 4.90387
999 4.95703
1000 5.00875
1001 5.05899
1002 5.10796
1003 5.15575
1004 5.20232
1005 5.24691
1006 5.28918
1007 5.3293
1008 5.36739
1009 5.40356
1010 5.43815
1011 5.471
1012 5.50168
1013 5.53013
1014 5.55626
1015 5.57988
1016 5.60108
1017 5.62019
1018 5.63694
1019 5.6514
1020 5.66372
1021 5.67379
1022 5.68161
1023 5.68715
1024 5.69072
1025 5.69222
1026 5.69158
1027 5.68895
1028 5.68438
1029 5.67811
1030 5.67001
1031 5.66023
1032 5.64869
1033 5.63558
1034 5.62082
1035 5.60452
1036 5.58681
1037 5.56772
1038 5.54727
1039 5.52531
1040 5.50199
1041 5.47724
1042 5.45133
1043 5.42428
1044 5.39607
1045 5.36676
1046 5.33662
1047 5.30557
1048 5.27391
1049 5.24245
1050 5.21102
1051 5.17946
1052 5.14758
1053 5.11547
1054 5.0829
1055 5.04997
1056 5.01659
1057 4.98294
1058 4.949
1059 4.9147
1060 4.88018
1061 4.84577
1062 4.8113
1063 4.7768
1064 4.74229
1065 4.708
1066 4.67391
1067 4.6404
1068 4.60734
1069 4.57498
1070 4.54351
1071 4.5127
1072 4.48269
1073 4.45349
1074 4.42541
1075 4.39812
1076 4.37174
1077 4.34645
1078 4.32218
1079 4.29841
1080 4.27507
1081 4.25224
1082 4.2297
1083 4.20721
1084 4.18475
1085 4.16216
1086 4.13936
1087 4.11626
1088 4.09303
1089 4.06959
1090 4.04598
1091 4.022
1092 3.99775
1093 3.97309
1094 3.94796
1095 3.92238
1096 3.89635
1097 3.86979
1098 3.84264
1099 3.81495
1100 3.78666
1101 3.75778
1102 3.72833
1103 3.69822
1104 3.66757
1105 3.63631
1106 3.60443
1107 3.5719
1108 3.53878
1109 3.50504
1110 3.47063
1111 3.43549
1112 3.39973
1113 3.3633
1114 3.32619
1115 3.28849
1116 3.25032
1117 3.21157
1118 3.17214
1119 3.13213
1120 3.09151
1121 3.05037
1122 3.00862
1123 2.96633
1124 2.9235
1125 2.88003
1126 2.836
1127 2.79139
1128 2.74624
1129 2.70047
1130 2.65411
1131 2.60727
1132 2.55994
1133 2.51207
1134 2.46369
1135 2.41492
1136 2.36579
1137 2.31618
1138 2.26618
1139 2.2164
1140 2.16692
1141 2.11759
1142 2.06873
1143 2.02011
1144 1.97204
1145 1.92477
1146 1.87831
1147 1.83271
1148 1.78819
1149 1.74498
1150 1.70336
1151 1.66358
1152 1.62589
1153 1.59075
1154 1.55759
1155 1.5261
1156 1.49621
1157 1.46816
1158 1.44172
1159 1.41726
1160 1.39476
1161 1.37425
1162 1.35534
1163 1.33792
1164 1.32195
1165 1.30733
1166 1.29421
1167 1.28338
1168 1.27493
1169 1.2687
1170 1.26464
1171 1.26338
1172 1.26668
1173 1.27329
1174 1.28208
1175 1.29293
1176 1.30506
1177 1.31845
1178 1.33297
1179 1.34902
1180 1.36639
1181 1.38498
1182 1.40486
1183 1.42599
1184 1.44822
1185 1.47109
1186 1.49459
1187 1.51872
1188 1.54365
1189 1.56955
1190 1.59666
1191 1.62409
1192 1.65116
1193 1.67773
1194 1.70386
1195 1.72946
1196 1.75464
1197 1.77938
1198 1.80369
1199 1.8275
1200 1.85084
1201 1.8737
1202 1.89608
1203 1.91803
1204 1.93954
1205 1.96067
1206 1.98139
1207 2.00166
1208 2.0215
1209 2.04098
1210 2.06007
1211 2.07864
1212 2.09662
1213 2.11397
1214 2.13069
1215 2.14678
1216 2.1622
1217 2.17693
1218 2.19101
1219 2.20439
1220 2.21707
1221 2.22904
1222 2.24035
1223 2.25101
1224 2.26099
1225 2.2703
1226 2.27893
1227 2.2869
1228 2.29425
1229 2.30097
1230 2.30711
1231 2.3129
1232 2.31837
1233 2.3235
1234 2.32831
1235 2.33253
1236 2.33604
1237 2.33884
1238 2.34088
1239 2.34219
1240 2.34275
1241 2.34256
1242 2.34162
1243 2.33994
1244 2.33751
1245 2.33432
1246 2.33041
1247 2.32579
1248 2.32045
1249 2.3144
1250 2.30765
1251 2.30022
1252 2.2921
1253 2.28328
1254 2.2738
1255 2.26371
1256 2.25311
1257 2.24205
1258 2.23052
1259 2.2186
1260 2.20623
1261 2.19338
1262 2.18
1263 2.16612
1264 2.15167
1265 2.13666
1266 2.1211
1267 2.10502
1268 2.08845
1269 2.0714
1270 2.0539
1271 2.03601
1272 2.01774
1273 1.99908
1274 1.98005
1275 1.96062
1276 1.94078
1277 1.92056
1278 1.89996
1279 1.87901
1280 1.8577
1281 1.83602
1282 1.81398
1283 1.79161
1284 1.76889
1285 1.74584
1286 1.72249
1287 1.69886
1288 1.67496
1289 1.65079
1290 1.62634
1291 1.60163
1292 1.57667
1293 1.5515
1294 1.52612
1295 1.50052
1296 1.47472
1297 1.44874
1298 1.4226
1299 1.39635
1300 1.37007
1301 1.34381
1302 1.31771
1303 1.29186
1304 1.26637
1305 1.24138
1306 1.21692
1307 1.19301
1308 1.16964
1309 1.14675
1310 1.1244
1311 1.10266
1312 1.08156
1313 1.0612
1314 1.04168
1315 1.02309
1316 1.00531
1317 0.988251
1318 0.971918
1319 0.956247
1320 0.941208
1321 0.926854
1322 0.91304
1323 0.899751
1324 0.886905
1325 0.874528
1326 0.862618
1327 0.8511
1328 0.839959
1329 0.829244
1330 0.81892
1331 0.80908
1332 0.799693
1333 0.790725
1334 0.782206
1335 0.774182
1336 0.766845
1337 0.760503
1338 0.754891
1339 0.749994
1340 0.745884
1341 0.742634
1342 0.740516
1343 0.739399
1344 0.73914
1345 0.739577
1346 0.740586
1347 0.742214
1348 0.744422
1349 0.74709
1350 0.750236
1351 0.753945
1352 0.758092
1353 0.762793
1354 0.767921
1355 0.773527
1356 0.779686
1357 0.786418
1358 0.793628
1359 0.80139
1360 0.809772
1361 0.81877
1362 0.828788
1363 0.839331
1364 0.849986
1365 0.860658
1366 0.871367
1367 0.882034
1368 0.892695
1369 0.903312
1370 0.913859
1371 0.924326
1372 0.934711
1373 0.945024
1374 0.955196
1375 0.965242
1376 0.975161
1377 0.984977
1378 0.994686
1379 1.00424
1380 1.01369
1381 1.02297
1382 1.03204
1383 1.04086
1384 1.04939
1385 1.0576
1386 1.06544
1387 1.07291
1388 1.07999
1389 1.08669
1390 1.09299
1391 1.09892
1392 1.10446
1393 1.10961
1394 1.11437
1395 1.11898
1396 1.12363
1397 1.12816
1398 1.13245
1399 1.13645
1400 1.14013
1401 1.14344
1402 1.14636
1403 1.14892
1404 1.15108
1405 1.15286
1406 1.15427
1407 1.15529
1408 1.15595
1409 1.15624
1410 1.15617
1411 1.15573
1412 1.15493
1413 1.15376
1414 1.15223
1415 1.15033
1416 1.14808
1417 1.14548
1418 1.14252
1419 1.13921
1420 1.13556
1421 1.13158
1422 1.12725
1423 1.12258
1424 1.11758
1425 1.11226
1426 1.10662
1427 1.10067
1428 1.0944
1429 1.08784
1430 1.08098
1431 1.07381
1432 1.06636
1433 1.05863
1434 1.05067
1435 1.04252
1436 1.03417
1437 1.02561
1438 1.01683
1439 1.00784
1440 0.998641
1441 0.989257
1442 0.979684
1443 0.969939
1444 0.960008
1445 0.949908
1446 0.939641
1447 0.929227
1448 0.918673
1449 0.907972
1450 0.897154
1451 0.886258
1452 0.875324
1453 0.864401
1454 0.853537
1455 0.842802
1456 0.832183
1457 0.821606
1458 0.810965
1459 0.800236
1460 0.789432
1461 0.778572
1462 0.767652
1463 0.756743
1464 0.746048
1465 0.735787
1466 0.72603
1467 0.716737
1468 0.707749
1469 0.699041
1470 0.690572
1471 0.682402
1472 0.674622
1473 0.667284
1474 0.660361
1475 0.653803
1476 0.64764
1477 0.641886
1478 0.636533
1479 0.631629
1480 0.62719
1481 0.623253
1482 0.619909
1483 0.617105
1484 0.61475
1485 0.612817
1486 0.611286
1487 0.610073
1488 0.609141
1489 0.608433
1490 0.60795
1491 0.607728
1492 0.607709
1493 0.607832
1494 0.608108
1495 0.608579
1496 0.609224
1497 0.60997
1498 0.610844
1499 0.611798
1500 0.612847
1501 0.614
1502 0.615201
1503 0.6164
1504 0.617679
1505 0.618948
1506 0.62021
1507 0.621486
1508 0.622717
1509 0.623981
1510 0.625236
1511 0.626463
1512 0.627632
1513 0.628776
1514 0.629924
1515 0.631029
1516 0.632101
1517 0.633084
1518 0.633944
1519 0.634692
1520 0.63536
1521 0.636035
1522 0.636612
1523 0.637118
1524 0.637505
1525 0.637746
1526 0.637887
1527 0.637975
1528 0.637982
1529 0.637882
1530 0.637652
1531 0.637365
1532 0.637032
1533 0.636583
1534 0.636016
1535 0.635367
1536 0.634657
1537 0.633851
1538 0.632957
1539 0.631956
1540 0.630921
1541 0.629789
1542 0.628572
1543 0.627241
1544 0.625853
1545 0.624381
1546 0.622808
1547 0.621127
1548 0.619363
1549 0.617498
1550 0.615517
1551 0.613425
1552 0.611226
1553 0.608943
1554 0.606562
1555 0.604063
1556 0.601473
1557 0.59878
1558 0.59608
1559 0.593471
1560 0.590869
1561 0.588257
1562 0.585593
1563 0.582882
1564 0.580088
1565 0.577231
1566 0.574325
1567 0.571321
1568 0.568267
1569 0.565098
1570 0.561882
1571 0.558567
1572 0.555175
1573 0.551697
1574 0.548173
1575 0.544572
1576 0.54092
1577 0.537217
1578 0.533482
1579 0.529682
1580 0.525879
1581 0.522043
1582 0.518192
1583 0.514302
1584 0.510386
1585 0.506428
1586 0.502406
1587 0.498342
1588 0.494218
1589 0.490022
1590 0.485789
1591 0.481512
1592 0.477198
1593 0.472867
1594 0.468498
1595 0.464104
1596 0.459719
1597 0.455307
1598 0.450862
1599 0.446415
1600 0.441929
1601 0.437414
1602 0.432883
1603 0.428317
1604 0.423734
1605 0.419152
1606 0.414542
1607 0.409918
1608 0.405313
1609 0.400699
1610 0.396088
1611 0.391495
1612 0.38693
1613 0.382377
1614 0.377844
1615 0.373361
1616 0.368934
1617 0.364578
1618 0.360344
1619 0.35631
1620 0.352799
1621 0.349984
1622 0.347651
1623 0.3457
1624 0.344051
1625 0.34267
1626 0.341537
1627 0.340637
1628 0.340001
1629 0.339586
1630 0.339349
1631 0.339299
1632 0.33939
1633 0.339631
1634 0.340009
1635 0.340583
1636 0.341328
1637 0.342229
1638 0.343287
1639 0.344549
1640 0.34597
1641 0.347596
1642 0.349375
1643 0.351311
1644 0.353395
1645 0.355595
1646 0.357865
1647 0.360254
1648 0.362692
1649 0.365155
1650 0.367624
1651 0.37009
1652 0.372529
1653 0.374994
1654 0.377438
1655 0.379843
1656 0.382232
1657 0.384603
1658 0.386934
1659 0.38922
1660 0.391441
1661 0.393595
1662 0.395679
1663 0.397709
1664 0.399698
1665 0.401626
1666 0.403481
1667 0.405258
1668 0.407007
1669 0.408683
1670 0.410283
1671 0.411803
1672 0.41325
1673 0.414601
1674 0.415896
1675 0.417108
1676 0.418232
1677 0.419264
1678 0.420177
1679 0.420975
1680 0.421692
1681 0.422317
1682 0.422849
1683 0.423284
1684 0.423629
1685 0.423874
1686 0.424021
1687 0.424049
1688 0.423972
1689 0.42379
1690 0.423518
1691 0.423174
1692 0.422741
1693 0.422207
1694 0.42159
1695 0.420876
1696 0.420087
1697 0.419198
1698 0.418247
1699 0.417224
1700 0.416149
1701 0.415003
1702 0.413784
1703 0.41252
1704 0.411183
1705 0.40981
1706 0.408394
1707 0.406925
1708 0.405408
1709 0.403824
1710 0.402173
1711 0.400463
1712 0.398688
1713 0.396845
1714 0.395003
1715 0.393136
1716 0.39121
1717 0.38924
1718 0.38722
1719 0.385165
1720 0.383053
1721 0.380888
1722 0.378672
1723 0.376406
1724 0.374091
1725 0.371725
1726 0.3693
1727 0.366835
1728 0.364349
1729 0.36182
1730 0.359223
1731 0.356553
1732 0.353818
1733 0.351011
1734 0.348135
1735 0.345186
1736 0.342167
1737 0.339095
1738 0.335969
1739 0.332781
1740 0.329531
1741 0.32622
1742 0.322862
1743 0.319447
1744 0.315981
1745 0.31247
1746 0.308923
1747 0.30533
1748 0.301693
1749 0.298023
1750 0.294307
1751 0.290565
1752 0.286795
1753 0.282986
1754 0.279146
1755 0.275272
1756 0.271374
1757 0.267459
1758 0.26353
1759 0.259574
1760 0.255607
1761 0.251629
1762 0.247651
1763 0.243667
1764 0.239683
1765 0.235692
1766 0.231721
1767 0.227758
1768 0.223814
1769 0.219877
1770 0.215996
1771 0.212388
1772 0.20899
1773 0.205731
1774 0.202602
1775 0.199583
1776 0.196689
1777 0.193933
1778 0.191339
1779 0.188912
1780 0.186622
1781 0.184485
1782 0.182495
1783 0.180669
1784 0.179022
1785 0.177576
1786 0.176295
1787 0.175169
1788 0.174166
1789 0.173296
1790 0.172567
1791 0.17197
1792 0.171519
1793 0.171179
1794 0.170977
1795 0.170864
1796 0.170845
1797 0.170932
1798 0.17109
1799 0.171323
1800 0.171667
1801 0.172107
1802 0.172647
1803 0.173331
1804 0.17414
1805 0.175059
1806 0.176083
1807 0.177221
1808 0.178508
1809 0.18
1810 0.181598
1811 0.18326
1812 0.184946
1813 0.186665
1814 0.188419
1815 0.190239
1816 0.192063
1817 0.193854
1818 0.195625
1819 0.197367
1820 0.199082
1821 0.200749
1822 0.202381
1823 0.203968
1824 0.205501
1825 0.206984
1826 0.208419
1827 0.2098
1828 0.211116
1829 0.212374
1830 0.213575
1831 0.214718
1832 0.215791
1833 0.216805
1834 0.217763
1835 0.21866
1836 0.219489
1837 0.220254
1838 0.220953
1839 0.221581
1840 0.222144
1841 0.222638
1842 0.223061
1843 0.223423
1844 0.223723
1845 0.223954
1846 0.224116
1847 0.22421
1848 0.22424
1849 0.224202
1850 0.224107
1851 0.223945
1852 0.223716
1853 0.223422
1854 0.223065
1855 0.222652
1856 0.222183
1857 0.221652
1858 0.221057
1859 0.220402
1860 0.219686
1861 0.218909
1862 0.218088
1863 0.21721
1864 0.216289
1865 0.215332
1866 0.214328
1867 0.213287
1868 0.212217
1869 0.211112
1870 0.209967
1871 0.208783
1872 0.207566
1873 0.206301
1874 0.204994
1875 0.203646
1876 0.202261
1877 0.200835
1878 0.199374
1879 0.19788
1880 0.196354
1881 0.194792
1882 0.193202
1883 0.191584
1884 0.189945
1885 0.18829
1886 0.186622
1887 0.18494
1888 0.18324
1889 0.18152
1890 0.179787
1891 0.178043
1892 0.176295
1893 0.174522
1894 0.172735
1895 0.170927
1896 0.1691
1897 0.167249
1898 0.165391
1899 0.163529
1900 0.161664
1901 0.159794
1902 0.157918
1903 0.156035
1904 0.154139
1905 0.152238
1906 0.150332
1907 0.148425
1908 0.146519
1909 0.144615
1910 0.142712
1911 0.140812
1912 0.138948
1913 0.137165
1914 0.135481
1915 0.13384
1916 0.132234
1917 0.130661
1918 0.129118
1919 0.127604
1920 0.12611
1921 0.124637
1922 0.12318
1923 0.121748
1924 0.120334
1925 0.118946
1926 0.117581
1927 0.116231
1928 0.114891
1929 0.113575
1930 0.11228
1931 0.111001
1932 0.109736
1933 0.108498
1934 0.107275
1935 0.106072
1936 0.104889
1937 0.10372
1938 0.10257
1939 0.101443
1940 0.100326
1941 0.0992245
1942 0.0981371
1943 0.0970677
1944 0.0960116
1945 0.0949803
1946 0.0939667
1947 0.0929639
1948 0.0919789
1949 0.0910256
1950 0.0900945
1951 0.0891851
1952 0.0882992
1953 0.0874398
1954 0.0866059
1955 0.0858032
1956 0.0850364
1957 0.0843135
1958 0.0836496
1959 0.083059
1960 0.08253
1961 0.0820629
1962 0.0816678
1963 0.081349
1964 0.0810902
1965 0.0808874
1966 0.0807188
1967 0.0805869
1968 0.0804829
1969 0.0803959
1970 0.0803314
1971 0.0802875
1972 0.0802515
1973 0.0802334
1974 0.080233
1975 0.0802672
1976 0.0803681
1977 0.0805246
1978 0.0807264
1979 0.0809746
1980 0.0812829
1981 0.0816805
1982 0.0822107
1983 0.0828166
1984 0.083425
1985 0.0840311
1986 0.0846292
1987 0.0852206
1988 0.0858054
1989 0.0863842
1990 0.086965
1991 0.0875481
1992 0.0881084
1993 0.0886388
1994 0.0891435
1995 0.0896193
1996 0.0900681
1997 0.090491
1998 0.0908833
1999 0.09125
2000 0.0915928
2001 0.0919113
2002 0.0922019
2003 0.092467
2004 0.092702
2005 0.0929091
2006 0.0930871
2007 0.0932366
2008 0.0933531
2009 0.0934386
2010 0.093495
2011 0.0935248
2012 0.0935233
2013 0.0934962
2014 0.0934385
2015 0.093354
2016 0.0932426
2017 0.0931046
2018 0.0929402
2019 0.0927502
2020 0.0925369
2021 0.092301
2022 0.092047
2023 0.0917722
2024 0.0914794
2025 0.0911708
2026 0.0908432
2027 0.0904983
2028 0.0901324
2029 0.0897459
2030 0.0893397
2031 0.0889198
2032 0.0884915
2033 0.0880535
2034 0.0876079
2035 0.0871551
2036 0.0866975
2037 0.0862505
2038 0.0858326
2039 0.0854325
2040 0.0850471
2041 0.0846799
2042 0.0843289
2043 0.0839925
2044 0.0836674
2045 0.0833487
2046 0.0830368
2047 0.0827326
2048 0.0824337
2049 0.0821391
2050 0.0818494
2051 0.081564
2052 0.0812846
2053 0.0810077
2054 0.0807368
2055 0.0804713
2056 0.0802109
2057 0.0799554
2058 0.0797112
2059 0.0794764
2060 0.0792455
2061 0.0790157
2062 0.0787926
2063 0.0785754
2064 0.0783598
2065 0.0781456
2066 0.0779351
2067 0.0777206
2068 0.0775035
2069 0.0772784
2070 0.0770433
2071 0.0767983
2072 0.076544
2073 0.0762763
2074 0.0759966
2075 0.0757076
2076 0.0754067
2077 0.0750915
2078 0.0747617
2079 0.0744173
2080 0.0740575
2081 0.0736824
2082 0.0732935
2083 0.0728894
2084 0.0724715
2085 0.0720421
2086 0.0716047
2087 0.0711632
2088 0.0707145
2089 0.0702532
2090 0.0697785
2091 0.0692897
2092 0.0687886
2093 0.0682756
2094 0.0677489
2095 0.0672082
2096 0.0666543
2097 0.0660871
2098 0.0655042
2099 0.0649075
2100 0.064296
2101 0.0636687
2102 0.0630272
2103 0.0623704
2104 0.0616992
2105 0.0610139
2106 0.0603137
2107 0.0595992
2108 0.0588712
2109 0.0581289
2110 0.0573721
2111 0.0566018
2112 0.0558174
2113 0.0550195
2114 0.0542085
2115 0.0533852
2116 0.0525481
2117 0.0516988
2118 0.0508391
2119 0.049968
2120 0.0490857
2121 0.0481929
2122 0.0472891
2123 0.0463751
2124 0.0454518
2125 0.0445195
2126 0.043578
2127 0.0426277
2128 0.0416744
2129 0.0407173
2130 0.0397549
2131 0.0387895
2132 0.0378208
2133 0.0368489
2134 0.0358815
2135 0.0349524
2136 0.0341174
2137 0.0334202
2138 0.0327908
2139 0.0322002
2140 0.0316369
2141 0.031098
2142 0.0305854
2143 0.0301083
2144 0.0296649
2145 0.029251
2146 0.0288603
2147 0.0284889
2148 0.0281396
2149 0.0278107
2150 0.0275069
2151 0.0272275
2152 0.0269755
2153 0.0267586
2154 0.0265858
2155 0.0264538
2156 0.0263538
2157 0.0262752
2158 0.0262179
2159 0.0261796
2160 0.0261601
2161 0.0261473
2162 0.0261389
2163 0.0261324
2164 0.0261328
2165 0.0261481
2166 0.0261839
2167 0.0262591
2168 0.0263706
2169 0.0265163
2170 0.0266925
2171 0.0268978
2172 0.0271411
2173 0.0274144
2174 0.0277281
2175 0.0280808
2176 0.0284513
2177 0.0288353
2178 0.0292259
2179 0.0296242
2180 0.0300296
2181 0.0304431
2182 0.030867
2183 0.0313004
2184 0.0317455
2185 0.0322
2186 0.0326643
2187 0.0331456
2188 0.0336423
2189 0.0341518
2190 0.0346658
2191 0.0351711
2192 0.035666
2193 0.0361505
2194 0.0366241
2195 0.037087
2196 0.03754
2197 0.0379816
2198 0.038411
2199 0.0388295
2200 0.0392366
2201 0.0396323
2202 0.0400144
2203 0.0403845
2204 0.0407436
2205 0.0410898
2206 0.041422
2207 0.041738
2208 0.042038
2209 0.0423222
2210 0.0425904
2211 0.0428428
2212 0.0430793
2213 0.0433017
2214 0.0435096
2215 0.043704
2216 0.0438839
2217 0.0440497
2218 0.0442006
2219 0.0443366
2220 0.0444572
2221 0.0445621
2222 0.0446517
2223 0.0447257
2224 0.0447842
2225 0.0448276
2226 0.0448566
2227 0.0448711
2228 0.044872
2229 0.0448637
2230 0.0448553
2231 0.0448398
2232 0.044814
2233 0.0447771
2234 0.0447285
2235 0.0446689
2236 0.0445987
2237 0.044518
2238 0.044426
2239 0.0443216
2240 0.0442043
2241 0.0440747
2242 0.0439312
2243 0.0437738
2244 0.0436025
2245 0.0434176
2246 0.0432195
2247 0.043008
2248 0.0427837
2249 0.0425471
2250 0.0422977
2251 0.0420361
2252 0.041763
2253 0.0414785
2254 0.0411829
2255 0.0408755
2256 0.0405572
2257 0.0402279
2258 0.0398878
2259 0.039537
2260 0.0391757
2261 0.0388043
2262 0.0384223
2263 0.0380306
2264 0.0376293
2265 0.0372184
2266 0.0367987
2267 0.0363697
2268 0.0359315
2269 0.0354851
2270 0.0350304
2271 0.0345677
2272 0.0340969
2273 0.0336184
2274 0.0331325
2275 0.0326399
2276 0.0321405
2277 0.0316347
2278 0.0311223
2279 0.0306038
2280 0.0300796
2281 0.02955
2282 0.0290154
2283 0.0284761
2284 0.027932
2285 0.0273836
2286 0.0268313
2287 0.0262754
2288 0.0257162
2289 0.0251545
2290 0.0245912
2291 0.0240286
2292 0.0234675
2293 0.0229085
2294 0.0223525
2295 0.0217978
2296 0.0212443
2297 0.020692
2298 0.0201408
2299 0.0195918
2300 0.0190448
2301 0.0185006
2302 0.0179603
2303 0.017425
2304 0.0168928
2305 0.0163663
2306 0.0158521
2307 0.0153579
2308 0.0148918
2309 0.0144501
2310 0.0140437
2311 0.013684
2312 0.0133725
2313 0.0131066
2314 0.01289
2315 0.0127162
2316 0.0125801
2317 0.0124746
2318 0.0123954
2319 0.012342
2320 0.012313
2321 0.012308
2322 0.0123245
2323 0.0123627
2324 0.0124216
2325 0.0124985
2326 0.0125907
2327 0.012696
2328 0.0128148
2329 0.0129446
2330 0.0130843
2331 0.013235
2332 0.0133939
2333 0.0135616
2334 0.0137366
2335 0.0139161
2336 0.0141009
2337 0.0142868
2338 0.0144773
2339 0.014669
2340 0.0148609
2341 0.0150548
2342 0.015254
2343 0.0154522
2344 0.0156511
2345 0.01585
2346 0.016048
2347 0.0162471
2348 0.0164452
2349 0.0166427
2350 0.0168386
2351 0.0170345
2352 0.0172298
2353 0.0174235
2354 0.0176174
2355 0.0178096
2356 0.0180011
2357 0.0181925
2358 0.0183846
2359 0.0185795
2360 0.0187682
2361 0.0189515
2362 0.0191295
2363 0.0193013
2364 0.0194671
2365 0.0196263
2366 0.01978
2367 0.0199272
2368 0.0200683
2369 0.0202038
2370 0.0203328
2371 0.0204565
2372 0.0205749
2373 0.0206879
2374 0.0207947
2375 0.0208946
2376 0.0209875
2377 0.0210735
2378 0.0211532
2379 0.0212252
2380 0.0212907
2381 0.0213498
2382 0.0214023
2383 0.0214479
2384 0.0214872
2385 0.0215194
2386 0.0215453
2387 0.0215704
2388 0.0215988
2389 0.0216271
2390 0.0216493
2391 0.0216647
2392 0.0216734
2393 0.0216744
2394 0.0216682
2395 0.0216547
2396 0.0216339
2397 0.0216059
2398 0.0215708
2399 0.0215286
2400 0.0214794
2401 0.0214232
2402 0.0213605
2403 0.0212906
2404 0.0212139
2405 0.0211306
2406 0.0210407
2407 0.0209444
2408 0.0208417
2409 0.0207326
2410 0.0206173
2411 0.0204958
2412 0.0203681
2413 0.0202344
2414 0.0200947
2415 0.0199492
2416 0.019798
2417 0.0196411
2418 0.0194786
2419 0.0193108
2420 0.0191377
2421 0.0189593
2422 0.0187758
2423 0.0185874
2424 0.0183942
2425 0.0181962
2426 0.0179937
2427 0.0177867
2428 0.0175754
2429 0.0173599
2430 0.0171404
2431 0.0169171
2432 0.0166903
2433 0.0164605
2434 0.0162277
2435 0.0159925
2436 0.0157556
2437 0.0155177
2438 0.0152792
2439 0.0150394
2440 0.0147982
2441 0.0145558
2442 0.0143122
2443 0.0140675
2444 0.0138221
2445 0.0135764
2446 0.0133298
2447 0.0130826
2448 0.0128356
2449 0.0125895
2450 0.0123447
2451 0.0121018
2452 0.0118613
2453 0.0116246
2454 0.0113934
2455 0.0111732
2456 0.0109738
2457 0.0107961
2458 0.0106365
2459 0.0104909
2460 0.0103565
2461 0.0102317
2462 0.0101163
2463 0.0100099
2464 0.00991256
2465 0.00982443
2466 0.00974696
2467 0.00968017
2468 0.00962383
2469 0.00957811
2470 0.00954248
2471 0.00951861
2472 0.00950641
2473 0.00950515
2474 0.00951492
2475 0.00953403
2476 0.00956333
2477 0.00959962
2478 0.00964275
2479 0.00969509
2480 0.00975281
2481 0.00981482
2482 0.00988063
2483 0.0099492
2484 0.0100194
2485 0.0100935
2486 0.0101686
2487 0.0102448
2488 0.0103224
2489 0.0104002
2490 0.0104789
2491 0.0105583
2492 0.010637
2493 0.0107169
2494 0.0107965
2495 0.0108757
2496 0.010955
2497 0.0110341
2498 0.0111128
2499 0.0111906
2500 0.0112672
2501 0.0113435
2502 0.011419
2503 0.0114936
2504 0.0115656
2505 0.0116358
2506 0.0117045
2507 0.0117716
2508 0.0118379
2509 0.0119028
2510 0.0119662
2511 0.0120269
2512 0.0120855
2513 0.0121413
2514 0.0121955
2515 0.0122468
2516 0.0122951
2517 0.0123404
2518 0.0123833
2519 0.0124235
2520 0.0124618
2521 0.0124969
2522 0.0125289
2523 0.0125574
2524 0.0125838
2525 0.0126074
2526 0.0126284
2527 0.0126461
2528 0.0126606
2529 0.0126725
2530 0.0126818
2531 0.0126883
2532 0.0126914
2533 0.0126918
2534 0.0126888
2535 0.0126829
2536 0.0126739
2537 0.0126617
2538 0.0126463
2539 0.0126273
2540 0.0126051
2541 0.0125801
2542 0.0125549
2543 0.0125291
2544 0.0125023
2545 0.012474
2546 0.0124439
2547 0.0124116
2548 0.0123767
2549 0.0123394
2550 0.0122991
2551 0.012256
2552 0.0122103
2553 0.0121613
2554 0.0121099
2555 0.0120558
2556 0.0119987
2557 0.0119388
2558 0.0118765
2559 0.0118108
2560 0.0117429
2561 0.0116723
2562 0.0115988
2563 0.0115233
2564 0.0114447
2565 0.011364
2566 0.0112802
2567 0.0111944
2568 0.0111061
2569 0.0110158
2570 0.0109232
2571 0.0108282
2572 0.0107314
2573 0.0106321
2574 0.010531
2575 0.0104275
2576 0.0103225
2577 0.0102156
2578 0.0101071
2579 0.00999662
2580 0.00988484
2581 0.00977136
2582 0.00965637
2583 0.00953996
2584 0.0094223
2585 0.00930338
2586 0.00918331
2587 0.0090622
2588 0.00894018
2589 0.00881701
2590 0.00869308
2591 0.00856838
2592 0.00844304
2593 0.0083173
2594 0.00819117
2595 0.00806485
2596 0.00793865
2597 0.0078128
2598 0.00768738
2599 0.00756218
2600 0.00743805
2601 0.00731479
2602 0.00719207
2603 0.00707019
2604 0.00695028
2605 0.00683874
2606 0.00673937
2607 0.00664877
2608 0.0065666
2609 0.00649503
2610 0.00643285
2611 0.00637762
2612 0.00632769
2613 0.00628231
2614 0.00624253
2615 0.00620738
2616 0.00617723
2617 0.00615177
2618 0.00613183
2619 0.00611665
2620 0.00610639
2621 0.00610191
2622 0.00610235
2623 0.00610793
2624 0.0061183
2625 0.00613333
2626 0.00615213
2627 0.00617531
2628 0.00620308
2629 0.00623509
2630 0.00627072
2631 0.00631064
2632 0.00635477
2633 0.00640229
2634 0.00645363
2635 0.00650824
2636 0.00656637
2637 0.0066272
2638 0.00669
2639 0.00675486
2640 0.00682164
2641 0.0068901
2642 0.006958
2643 0.00702567
2644 0.00709337
2645 0.00716047
2646 0.00722701
2647 0.00729264
2648 0.00735746
2649 0.00742108
2650 0.00748375
2651 0.00754496
2652 0.00760505
2653 0.00766345
2654 0.00772044
2655 0.00777569
2656 0.0078294
2657 0.00788086
2658 0.00793019
2659 0.00797723
2660 0.00802243
2661 0.00806559
2662 0.00810693
2663 0.00814603
2664 0.00818297
2665 0.00821758
2666 0.00824947
2667 0.00827852
2668 0.00830512
2669 0.00832942
2670 0.0083522
2671 0.00837263
2672 0.00839092
2673 0.00840717
2674 0.00842096
2675 0.00843195
2676 0.00844018
2677 0.00844589
2678 0.00844944
2679 0.00845078
2680 0.00845021
2681 0.00844698
2682 0.00844136
2683 0.00843342
2684 0.00842309
2685 0.00841036
2686 0.00839551
2687 0.00837841
2688 0.00835926
2689 0.00833829
2690 0.0083152
2691 0.00829009
2692 0.00826269
2693 0.00823318
2694 0.00820243
2695 0.00817071
2696 0.00813845
2697 0.00810534
2698 0.00807095
2699 0.00803547
2700 0.00799905
2701 0.00796157
2702 0.00792352
2703 0.00788473
2704 0.00784514
2705 0.00780428
2706 0.00776248
2707 0.00771978
2708 0.00767625
2709 0.00763151
2710 0.0075859
2711 0.0075391
2712 0.00749152
2713 0.00744282
2714 0.00739266
2715 0.00734072
2716 0.0072874
2717 0.00723232
2718 0.00717572
2719 0.00711768
2720 0.00705805
2721 0.00699693
2722 0.00693437
2723 0.00687073
2724 0.00680586
2725 0.00673959
2726 0.0066722
2727 0.00660358
2728 0.00653361
2729 0.00646275
2730 0.00639053
2731 0.00631728
2732 0.00624309
2733 0.00616795
2734 0.0060917
2735 0.0060146
2736 0.00593647
2737 0.00585779
2738 0.00577801
2739 0.00569759
2740 0.00561658
2741 0.00553475
2742 0.00545231
2743 0.00536916
2744 0.00528549
2745 0.00520118
2746 0.00511667
2747 0.00503204
2748 0.00494693
2749 0.00486179
2750 0.00477759
2751 0.00469441
2752 0.0046144
2753 0.00454166
2754 0.00447358
2755 0.00440881
2756 0.00434672
2757 0.0042871
2758 0.00422992
2759 0.00417465
2760 0.00412159
2761 0.00407085
2762 0.004022
2763 0.00397531
2764 0.00393072
2765 0.00388792
2766 0.00384734
2767 0.003809
2768 0.00377334
2769 0.00373998
2770 0.00370908
2771 0.00368113
2772 0.00365611
2773 0.00363383
2774 0.00361422
2775 0.00359731
2776 0.00358238
2777 0.0035697
2778 0.00355942
2779 0.00355092
2780 0.00354462
2781 0.00354014
2782 0.00353795
2783 0.00353817
2784 0.00354047
2785 0.00354488
2786 0.00355118
2787 0.00355934
2788 0.00356873
2789 0.0035793
2790 0.00359101
2791 0.00360323
2792 0.0036163
2793 0.00362992
2794 0.00364421
2795 0.00365931
2796 0.0036749
2797 0.00369133
2798 0.0037089
2799 0.00372785
2800 0.00374892
2801 0.00377213
2802 0.00379776
2803 0.00382634
2804 0.00385792
2805 0.00389162
2806 0.00392555
2807 0.00395972
2808 0.00399353
2809 0.00402708
2810 0.00406032
2811 0.00409353
2812 0.00412596
2813 0.00415732
2814 0.00418726
2815 0.00421602
2816 0.00424325
2817 0.00426922
2818 0.00429377
2819 0.00431691
2820 0.00433856
2821 0.00435855
2822 0.00437699
2823 0.00439397
2824 0.00440944
2825 0.00442353
2826 0.0044362
2827 0.00444748
2828 0.00445727
2829 0.00446576
2830 0.00447292
2831 0.00447857
2832 0.00448277
2833 0.00448564
2834 0.00448733
2835 0.0044878
2836 0.00448739
2837 0.00448576
2838 0.00448298
2839 0.00447907
2840 0.00447386
2841 0.00446744
2842 0.00445982
2843 0.00445092
2844 0.00444083
2845 0.00442955
2846 0.00441698
2847 0.00440315
2848 0.00438823
2849 0.0043721
2850 0.00435478
2851 0.00433645
2852 0.00431722
2853 0.00429694
2854 0.00427552
2855 0.00425312
2856 0.00422978
2857 0.00420541
2858 0.00418013
2859 0.00415394
2860 0.00412689
2861 0.00409884
2862 0.00406986
2863 0.00404002
2864 0.00400928
2865 0.00397767
2866 0.00394516
2867 0.0039118
2868 0.00387777
2869 0.00384287
2870 0.0038072
2871 0.00377091
2872 0.00373398
2873 0.00369644
2874 0.00365825
2875 0.0036196
2876 0.00358051
2877 0.00354082
2878 0.00350065
2879 0.00346024
2880 0.00341953
2881 0.0033786
2882 0.00333741
2883 0.00329613
2884 0.00325465
2885 0.00321291
2886 0.00317072
2887 0.00312832
2888 0.00308623
2889 0.00304432
2890 0.00300269
2891 0.00296158
2892 0.00292276
2893 0.00288636
2894 0.00285198
2895 0.00281892
2896 0.00278691
2897 0.00275589
2898 0.00272594
2899 0.00269685
2900 0.0026686
2901 0.00264128
2902 0.00261494
2903 0.00258951
2904 0.00256493
2905 0.00254149
2906 0.00251879
2907 0.00249706
2908 0.00247611
2909 0.00245596
2910 0.00243651
2911 0.00241749
2912 0.00239901
2913 0.00238097
2914 0.00236348
2915 0.00234631
2916 0.00232963
2917 0.00231343
2918 0.00229745
2919 0.00228182
2920 0.00226647
2921 0.00225166
2922 0.00223722
2923 0.00222306
2924 0.00220944
2925 0.0021961
2926 0.00218296
2927 0.00216992
2928 0.00215715
2929 0.00214458
2930 0.00213207
2931 0.00211929
2932 0.00210639
2933 0.00209341
2934 0.0020802
2935 0.00206676
2936 0.00205301
2937 0.00203919
2938 0.00202523
2939 0.00201105
2940 0.00199685
2941 0.00198258
2942 0.00196831
2943 0.00195407
2944 0.00194008
2945 0.0019262
2946 0.00191258
2947 0.0018994
