0 18868.5
1 18700.7
2 18546.1
3 18408.4
4 18275.1
5 18146.5
6 18027.1
7 17913.3
8 17814.1
9 17719
10 17627.4
11 17539.7
12 17454.1
13 17370.3
14 17289.3
15 17210.8
16 17134.7
17 17061.2
18 16991.3
19 16925.2
20 16861.5
21 16801.3
22 16745.2
23 16691.8
24 16641.5
25 16596.6
26 16556.7
27 16523.7
28 16495.3
29 16470.5
30 16450.3
31 16432.9
32 16418.1
33 16406.9
34 16399.9
35 16396.8
36 16397.2
37 16400.4
38 16406.8
39 16416
40 16427.9
41 16443.2
42 16461.1
43 16482.1
44 16506.1
45 16533.2
46 16563.2
47 16595.7
48 16630.2
49 16666.4
50 16704.6
51 16744.6
52 16786.3
53 16829.5
54 16873.8
55 16919.5
56 16966.5
57 17014.2
58 17062.7
59 17112.6
60 17163.8
61 17215.9
62 17268.4
63 17321.3
64 17374.9
65 17430
66 17486.2
67 17543.6
68 17601.7
69 17660.2
70 17718.8
71 17777.7
72 17836.8
73 17896
74 17955.5
75 18014.9
76 18074.4
77 18133.9
78 18193.7
79 18253.4
80 18313.7
81 18374.3
82 18435
83 18496.6
84 18558.5
85 18620.8
86 18683
87 18745
88 18807.8
89 18870.8
90 18934.1
91 18997.1
92 19060.2
93 19124.1
94 19188.7
95 19253.2
96 19317.7
97 19382.3
98 19447.6
99 19513
100 19578.5
101 19643.9
102 19710.2
103 19776.7
104 19843.2
105 19909.8
106 19976.6
107 20043.7
108 20111.2
109 20179.5
110 20248.6
111 20318.7
112 20389.5
113 20462.1
114 20536.6
115 20612.6
116 20690
117 20769.4
118 20850.6
119 20929.5
120 21011
121 21097.6
122 21205.6
123 21330.4
