0 928.29
1 735.526
2 589.693
3 419.739
4 300.76
5 260.919
6 251.94
7 252.378
8 250.937
9 242.824
10 233.252
11 224.729
12 218.723
13 211.916
14 206.253
15 202.295
16 197.742
17 192.039
18 187.299
19 185.267
20 184.585
21 184.907
22 186.566
23 187.369
24 186.853
25 184.621
26 181.159
27 176.958
28 172.789
29 168.196
30 163.686
31 160.599
32 158.391
33 157.161
34 155.841
35 154.062
36 151.577
37 148.651
38 145.837
39 143.607
40 141.97
41 140.647
42 139.817
43 139.54
44 139.382
45 139.178
46 138.601
47 138.007
48 136.943
49 135.432
50 133.711
51 131.89
52 129.96
53 128.487
54 127.526
55 126.992
56 126.753
57 126.641
58 126.243
59 125.623
60 124.953
61 124.279
62 123.46
63 122.505
64 121.302
65 120.008
66 118.688
67 117.36
68 116.039
69 114.693
70 113.262
71 111.749
72 110.072
73 108.41
74 107.026
75 106.078
76 105.373
77 104.785
78 104.665
79 104.914
80 105.477
81 106.226
82 107.074
83 107.872
84 108.408
85 108.602
86 108.556
87 108.209
88 107.704
89 107.285
90 106.943
91 106.51
92 105.996
93 105.541
94 105.123
95 104.768
96 104.503
97 104.379
98 104.383
99 104.493
100 104.677
101 104.855
102 105.012
103 105.046
104 104.921
105 104.727
106 104.661
107 104.653
108 104.522
109 104.227
110 103.93
111 103.586
112 103.125
113 102.642
114 102.188
115 101.709
116 101.263
117 100.877
118 100.546
119 100.228
120 99.8406
121 99.4011
122 98.9134
123 98.5088
124 98.3056
125 98.1171
126 97.9772
127 98.0088
128 98.1309
129 98.2528
130 98.2821
131 98.0816
132 97.7171
133 97.3328
134 96.946
135 96.6308
136 96.3269
137 96.0283
138 95.6357
139 95.2404
140 94.8388
141 94.4307
142 94.0868
143 93.7864
144 93.5141
145 93.2147
146 93.0684
147 93.0724
148 93.1788
149 93.3931
150 93.5287
151 93.5387
152 93.601
153 93.9183
154 94.5336
155 95.2956
156 95.9643
157 96.5976
158 97.2211
159 97.8551
160 98.4173
161 98.8822
162 99.2893
163 99.6205
164 99.8461
165 100.045
166 100.12
167 100.029
168 99.8828
169 99.7675
170 99.6983
171 99.5584
172 99.2564
173 98.9805
174 98.8734
175 98.8337
176 98.9074
177 99.0334
178 99.1985
179 99.3492
180 99.4401
181 99.5457
182 99.5911
183 99.7624
184 100.015
185 100.159
186 100.247
187 100.28
188 100.332
189 100.344
190 100.254
191 100.248
192 100.286
193 100.427
194 100.613
195 100.865
196 101.038
197 101.149
198 101.212
199 101.178
200 101.123
201 101.081
202 101.017
203 100.917
204 100.823
205 100.752
206 100.766
207 100.711
208 100.57
209 100.318
210 100.089
211 99.8226
212 99.4187
213 98.8896
214 98.335
215 97.7371
216 97.2404
217 96.8925
218 96.7146
219 96.6601
220 96.6886
221 96.7233
222 96.6912
223 96.5503
224 96.3008
225 96.1592
226 96.3154
227 96.6566
228 97.0578
229 97.3829
230 97.5775
231 97.6542
232 97.6903
233 97.7894
234 97.8762
235 97.9404
236 98.0126
237 98.109
238 98.1893
239 98.2824
240 98.3455
241 98.3749
242 98.3545
243 98.408
244 98.5444
245 98.7274
246 98.9053
247 99.1495
248 99.4246
249 99.7902
250 100.158
251 100.412
252 100.577
253 100.707
254 100.823
255 100.948
256 101.079
257 101.14
258 101.073
259 100.945
260 100.788
261 100.689
262 100.682
263 100.742
264 100.855
265 100.914
266 100.877
267 100.742
268 100.68
269 100.686
270 100.804
271 101.051
272 101.271
273 101.381
274 101.419
275 101.349
276 101.221
277 101.116
278 100.993
279 100.788
280 100.562
281 100.36
282 100.109
283 99.7353
284 99.1975
285 98.5596
286 97.9852
287 97.4982
288 96.9974
289 96.4951
290 96.0608
291 95.6932
292 95.3136
293 94.884
294 94.4194
295 94.0788
296 93.8734
297 93.6943
298 93.4848
299 93.2628
300 93.0104
301 92.8135
302 92.7334
303 92.7782
304 92.8541
305 92.9593
306 92.9266
307 92.7929
308 92.5793
309 92.4319
310 92.4024
311 92.4391
312 92.3761
313 92.3354
314 92.3682
315 92.4691
316 92.6423
317 92.9787
318 93.262
319 93.5567
320 93.9486
321 94.4184
322 95.0164
323 95.632
324 96.189
325 96.7262
326 97.1632
327 97.4804
328 97.7711
329 98.0397
330 98.2402
331 98.4734
332 98.6031
333 98.6447
334 98.6468
335 98.5427
336 98.3104
337 98.0243
338 97.6549
339 97.1971
340 96.7606
341 96.3051
342 95.8351
343 95.3417
344 94.979
345 94.5755
346 94.1328
347 93.6997
348 93.2939
349 92.9325
350 92.6401
351 92.3602
352 92.1271
353 92.0771
354 92.1415
355 92.2032
356 92.1499
357 92.0279
358 91.8561
359 91.5593
360 91.2163
361 90.8859
362 90.4985
363 90.0926
364 89.7679
365 89.4931
366 89.2086
367 88.9478
368 88.722
369 88.5491
370 88.3957
371 88.164
372 88.0853
373 88.0726
374 88.0443
375 88.0583
376 88.0532
377 87.9815
378 87.8846
379 87.8547
380 87.8922
381 87.9665
382 87.9779
383 87.8575
384 87.6684
385 87.512
386 87.4047
387 87.2662
388 87.121
389 87.0396
390 86.881
391 86.7287
392 86.6189
393 86.6117
394 86.6587
395 86.6856
396 86.7482
397 86.76
398 86.7585
399 86.7284
400 86.7172
401 86.8496
402 87.0981
403 87.4061
404 87.7724
405 88.2279
406 88.7177
407 89.149
408 89.5317
409 89.9173
410 90.2673
411 90.5781
412 90.8789
413 91.2125
414 91.5997
415 91.9494
416 92.2644
417 92.5431
418 92.7028
419 92.7756
420 92.875
421 92.9341
422 92.9814
423 93.029
424 93.1846
425 93.3647
426 93.6151
427 93.8652
428 94.0557
429 94.2282
430 94.3761
431 94.5145
432 94.6133
433 94.6834
434 94.8023
435 95.011
436 95.2157
437 95.4551
438 95.751
439 96.1196
440 96.4567
441 96.6792
442 96.7921
443 96.8723
444 96.836
445 96.7166
446 96.5899
447 96.4981
448 96.3487
449 96.0481
450 95.6177
451 95.2385
452 94.9577
453 94.7701
454 94.7144
455 94.7956
456 94.9281
457 95.1073
458 95.3688
459 95.6809
460 95.9671
461 96.2299
462 96.4566
463 96.6173
464 96.8077
465 97.0043
466 97.1271
467 97.1784
468 97.1533
469 97.0547
470 96.9702
471 96.7986
472 96.5271
473 96.1861
474 95.8252
475 95.5152
476 95.3842
477 95.3816
478 95.4964
479 95.7348
480 95.8956
481 95.9448
482 95.976
483 95.9195
484 95.8702
485 95.9368
486 95.9892
487 96.0793
488 96.2203
489 96.2562
490 96.2249
491 96.1348
492 96.0592
493 96.081
494 96.173
495 96.2744
496 96.4946
497 96.8551
498 97.3558
499 97.883
500 98.2558
501 98.5362
502 98.8538
503 99.1901
504 99.4954
505 99.7382
506 99.9513
507 100.027
508 100.02
509 99.9385
510 99.9448
511 100.05
512 100.177
513 100.16
514 100.156
515 100.412
516 100.698
517 100.857
518 101.034
519 101.279
520 101.54
521 101.731
522 101.813
523 101.961
524 102.15
525 102.346
526 102.435
527 102.344
528 102.258
529 102.194
530 102.083
531 102.066
532 102.147
533 102.29
534 102.327
535 102.424
536 102.499
537 102.457
538 102.353
539 102.306
540 102.39
541 102.643
542 102.927
543 103.203
544 103.382
545 103.443
546 103.285
547 103.107
548 103.068
549 103.146
550 103.173
551 103.199
552 103.137
553 103.023
554 102.872
555 102.711
556 102.606
557 102.59
558 102.585
559 102.633
560 102.839
561 103.061
562 103.211
563 103.424
564 103.65
565 103.961
566 104.369
567 104.802
568 105.216
569 105.643
570 105.986
571 106.272
572 106.432
573 106.611
574 106.857
575 107.147
576 107.443
577 107.625
578 107.878
579 108.14
580 108.285
581 108.49
582 108.747
583 108.906
584 108.915
585 108.855
586 108.793
587 108.854
588 109.07
589 109.217
590 109.163
591 109.19
592 109.044
593 108.769
594 108.558
595 108.45
596 108.417
597 108.352
598 108.246
599 107.997
600 107.761
601 107.577
602 107.243
603 107.005
604 107.051
605 107.115
606 107.012
607 106.752
608 106.417
609 106.155
610 106.027
611 106.086
612 106.242
613 106.471
614 106.642
615 106.747
616 106.811
617 106.883
618 107.126
619 107.375
620 107.764
621 108.296
622 108.68
623 108.822
624 108.907
625 108.868
626 108.734
627 108.689
628 108.811
629 109.121
630 109.37
631 109.48
632 109.492
633 109.294
634 109.035
635 108.851
636 108.548
637 108.297
638 108.19
639 108.041
640 107.771
641 107.364
642 106.839
643 106.446
644 106.157
645 106.101
646 106.417
647 107.052
648 107.851
649 108.426
650 108.7
651 108.905
652 109.391
653 109.947
654 110.531
655 111.123
656 111.642
657 112.154
658 112.499
659 112.893
660 113.44
661 114.059
662 114.669
663 115.288
664 115.846
665 116.368
666 116.759
667 116.939
668 116.914
669 117.007
670 117.262
671 117.596
672 117.969
673 118.158
674 118.354
675 118.682
676 119.084
677 119.455
678 119.822
679 120.102
680 120.227
681 120.291
682 120.325
683 120.351
684 120.454
685 120.461
686 120.347
687 120.331
688 120.378
689 120.344
690 120.408
691 120.643
692 120.944
693 121.024
694 120.88
695 120.668
696 120.468
697 120.321
698 120.112
699 119.987
700 119.92
701 119.8
702 119.699
703 119.584
704 119.491
705 119.389
706 119.242
707 119.088
708 118.949
709 118.889
710 118.856
711 118.834
712 118.73
713 118.654
714 118.741
715 118.867
716 118.914
717 118.94
718 119.124
719 119.255
720 119.108
721 118.895
722 118.901
723 118.929
724 118.685
725 118.362
726 118.213
727 118.145
728 117.995
729 117.731
730 117.553
731 117.656
732 117.868
733 117.904
734 118.02
735 118.25
736 118.54
737 118.696
738 118.711
739 118.748
740 118.777
741 118.874
742 119.027
743 119.017
744 119.061
745 119.2
746 119.468
747 119.819
748 120.095
749 120.354
750 120.612
751 120.746
752 120.661
753 120.509
754 120.435
755 120.574
756 120.768
757 121.031
758 121.213
759 121.285
760 121.266
761 121.08
762 120.979
763 120.952
764 120.887
765 120.881
766 121.069
767 121.22
768 121.295
769 121.512
770 121.817
771 122.12
772 122.304
773 122.563
774 122.826
775 123.162
776 123.497
777 123.695
778 123.665
779 123.517
780 123.149
781 122.614
782 122.108
783 121.621
784 121.271
785 121.02
786 120.849
787 120.464
788 119.856
789 119.221
790 118.572
791 118.223
792 118.175
793 118.355
794 118.686
795 119.202
796 119.595
797 119.73
798 119.948
799 120.397
800 120.938
801 121.426
802 121.963
803 122.589
804 123.182
805 123.548
806 123.926
807 124.277
808 124.511
809 124.664
810 124.682
811 124.562
812 124.38
813 124.213
814 124.044
815 123.893
816 123.912
817 123.974
818 123.857
819 123.641
820 123.422
821 123.302
822 123.275
823 123.294
824 123.374
825 123.574
826 123.711
827 123.637
828 123.572
829 123.738
830 124.137
831 124.491
832 124.771
833 125.135
834 125.545
835 125.964
836 126.265
837 126.421
838 126.616
839 126.841
840 126.932
841 127.201
842 127.692
843 127.99
844 128.131
845 128.143
846 127.943
847 127.493
848 127.305
849 127.294
850 127.368
851 127.296
852 126.998
853 126.658
854 126.496
855 126.355
856 126.252
857 126.402
858 126.668
859 126.79
860 126.573
861 126.128
862 125.758
863 125.635
864 125.668
865 125.796
866 125.878
867 125.686
868 125.28
869 124.775
870 124.345
871 124.149
872 124.179
873 124.147
874 123.993
875 123.943
876 124.034
877 123.942
878 123.563
879 123.331
880 123.216
881 122.973
882 122.631
883 122.217
884 121.902
885 121.897
886 122.033
887 122.049
888 121.896
889 121.636
890 121.264
891 120.996
892 121.058
893 121.514
894 122.31
895 122.971
896 123.221
897 123.038
898 122.953
899 122.973
900 122.818
901 122.611
902 122.63
903 122.774
904 122.621
905 122.032
906 121.301
907 120.732
908 120.13
909 119.381
910 118.766
911 118.615
912 118.854
913 119.071
914 119.151
915 119.002
916 119.02
917 119.261
918 119.55
919 120.085
920 120.845
921 121.753
922 122.353
923 122.633
924 122.883
925 123.168
926 123.176
927 122.928
928 122.716
929 122.33
930 122.009
931 121.792
932 121.592
933 121.427
934 121.595
935 121.85
936 121.835
937 121.466
938 120.942
939 120.562
940 120.406
941 120.493
942 120.573
943 120.5
944 120.279
945 120.131
946 120.111
947 120.296
948 120.672
949 121.015
950 121.299
951 121.421
952 121.436
953 121.316
954 121.33
955 121.799
956 122.48
957 123.155
958 123.612
959 123.87
960 123.824
961 123.773
962 123.821
963 123.747
964 123.583
965 123.579
966 123.777
967 123.912
968 123.745
969 123.64
970 123.703
971 123.77
972 123.551
973 123.201
974 123.062
975 123.127
976 123.377
977 123.673
978 124.165
979 124.386
980 124.338
981 124.133
982 124.001
983 124.127
984 124.402
985 124.697
986 124.824
987 125.14
988 125.397
989 125.678
990 125.795
991 125.582
992 125.66
993 126.22
994 126.925
995 127.302
996 127.64
997 128.003
998 128.374
999 128.651
1000 128.798
1001 129.097
1002 129.542
1003 129.861
1004 129.776
1005 129.527
1006 129.55
1007 129.765
1008 130.248
1009 130.498
1010 130.41
1011 130.323
1012 130.402
1013 130.637
1014 130.961
1015 131.625
1016 132.047
1017 132.427
1018 132.736
1019 132.818
1020 132.72
1021 132.57
1022 132.657
1023 133.08
1024 133.753
1025 134.18
1026 134.3
1027 134.493
1028 134.71
1029 134.637
1030 134.552
1031 134.877
1032 135.629
1033 136.482
1034 137.17
1035 137.7
1036 137.952
1037 137.843
1038 137.322
1039 136.902
1040 137.006
1041 137.487
1042 137.853
1043 137.683
1044 137.454
1045 137.413
1046 137.369
1047 137.056
1048 136.953
1049 137.126
1050 137.461
1051 137.522
1052 137.18
1053 137.178
1054 137.512
1055 137.841
1056 138.114
1057 138.613
1058 139.154
1059 139.574
1060 139.528
1061 139.46
1062 139.679
1063 140.136
1064 140.794
1065 141.205
1066 141.386
1067 141.516
1068 141.766
1069 142.057
1070 142.362
1071 142.875
1072 143.007
1073 142.755
1074 142.739
1075 142.801
1076 142.642
1077 142.44
1078 142.051
1079 141.6
1080 141.526
1081 141.86
1082 142.31
1083 142.822
1084 143.169
1085 143.313
1086 143.061
1087 143.122
1088 143.571
1089 144.153
1090 145.016
1091 145.588
1092 145.497
1093 145.054
1094 144.675
1095 144.181
1096 143.572
1097 143.264
1098 143.244
1099 143.544
1100 143.453
1101 143.208
1102 142.758
1103 142.264
1104 142.193
1105 142.03
1106 141.746
1107 141.837
1108 142.31
1109 142.578
1110 142.267
1111 141.54
1112 141.012
1113 140.602
1114 140.465
1115 140.092
1116 139.859
1117 139.795
1118 140.107
1119 140.642
1120 141.028
1121 141.207
1122 141.607
1123 142.366
1124 143.134
1125 143.611
1126 143.996
1127 144.585
1128 145.301
1129 146.088
1130 146.927
1131 147.529
1132 147.842
1133 147.99
1134 148.145
1135 148.365
1136 148.715
1137 148.79
1138 149.114
1139 149.262
1140 149.338
1141 149.549
1142 149.966
1143 150.607
1144 151.366
1145 151.971
1146 152.162
1147 152.294
1148 152.617
1149 152.926
1150 153.16
1151 152.999
1152 152.326
1153 151.769
1154 151.605
1155 151.773
1156 151.882
1157 151.83
1158 151.386
1159 151.119
1160 151.242
1161 151.325
1162 150.693
1163 150.45
1164 150.788
1165 150.807
1166 150.428
1167 150.126
1168 150.01
1169 150.264
1170 150.317
1171 150.023
1172 150.356
1173 151.487
1174 152.285
1175 152.309
1176 151.943
1177 151.563
1178 151.445
1179 151.238
1180 151.017
1181 150.778
1182 150.986
1183 151.18
1184 150.637
1185 149.755
1186 148.775
1187 147.919
1188 147.335
1189 147.096
1190 146.993
1191 146.986
1192 146.879
1193 146.721
1194 146.389
1195 146.6
1196 146.994
1197 147.556
1198 147.767
1199 147.702
1200 147.76
1201 147.894
1202 147.947
1203 147.794
1204 147.615
1205 147.411
1206 147.328
1207 147.284
1208 147.103
1209 146.763
1210 146.434
1211 146.123
1212 145.824
1213 145.253
1214 144.785
1215 144.36
1216 144.179
1217 144.305
1218 144.77
1219 145.272
1220 145.215
1221 144.997
1222 145.034
1223 145.434
1224 145.456
1225 145.166
1226 145.246
1227 145.636
1228 145.775
1229 145.611
1230 145.355
1231 145.579
1232 146.077
1233 146.393
1234 146.263
1235 146.163
1236 146.439
1237 146.451
1238 146.467
1239 146.843
1240 147.24
1241 147.055
1242 146.428
1243 145.55
1244 145.268
1245 145.613
1246 145.918
1247 146.001
1248 146.342
1249 147.205
1250 147.919
1251 148.155
1252 148.037
1253 147.66
1254 147.38
1255 147.267
1256 146.912
1257 146.662
1258 146.719
1259 146.883
1260 146.839
1261 146.268
1262 145.628
1263 145.101
1264 144.919
1265 144.577
1266 143.907
1267 143.281
1268 142.902
1269 142.778
1270 142.276
1271 141.835
1272 141.4
1273 140.733
1274 140.378
1275 140.49
1276 140.537
1277 140.352
1278 140.094
1279 140.304
1280 140.902
1281 141.275
1282 141.399
1283 141.564
1284 141.763
1285 142.308
1286 142.489
1287 142.073
1288 141.501
1289 140.998
1290 141.137
1291 141.791
1292 142.408
1293 142.687
1294 142.528
1295 142.287
1296 141.69
1297 141.105
1298 140.913
1299 141.085
1300 141.039
1301 140.625
1302 140.135
1303 140.074
1304 140.294
1305 140.287
1306 140.178
1307 140.23
1308 140.347
1309 140.149
1310 139.815
1311 139.651
1312 139.611
1313 139.79
1314 140.003
1315 140.251
1316 140.119
1317 139.671
1318 139.022
1319 138.345
1320 138.056
1321 138.395
1322 138.946
1323 139.44
1324 139.387
1325 138.944
1326 138.472
1327 138.494
1328 139.06
1329 139.908
1330 140.791
1331 141.322
1332 141.582
1333 141.612
1334 141.22
1335 140.802
1336 140.181
1337 139.583
1338 138.999
1339 138.455
1340 138.027
1341 137.747
1342 137.288
1343 136.688
1344 136.101
1345 135.697
1346 135.573
1347 135.854
1348 136.245
1349 136.769
1350 137.065
1351 137.016
1352 136.682
1353 135.998
1354 135.169
1355 134.65
1356 134.501
1357 134.421
1358 134.419
1359 134.461
1360 134.286
1361 133.937
1362 133.788
1363 133.903
1364 134.169
1365 134.674
1366 135.244
1367 135.471
1368 135.323
1369 134.978
1370 134.522
1371 134.147
1372 133.933
1373 133.81
1374 133.825
1375 134.08
1376 134.403
1377 134.729
1378 135.167
1379 135.903
1380 136.739
1381 137.535
1382 138.175
1383 138.557
1384 138.835
1385 138.895
1386 138.483
1387 137.964
1388 137.335
1389 136.685
1390 136.115
1391 135.553
1392 135.141
1393 134.797
1394 134.561
1395 134.454
1396 134.349
1397 134.439
1398 134.659
1399 134.99
1400 135.395
1401 135.495
1402 135.196
1403 134.622
1404 134.005
1405 133.632
1406 133.601
1407 133.649
1408 133.553
1409 133.254
1410 133.302
1411 133.611
1412 134.076
1413 134.768
1414 135.777
1415 136.644
1416 137.328
1417 137.694
1418 137.737
1419 137.634
1420 137.543
1421 137.36
1422 137.038
1423 136.812
1424 136.734
1425 136.607
1426 136.487
1427 136.183
1428 135.914
1429 135.926
1430 136.233
1431 136.642
1432 136.971
1433 137.357
1434 137.701
1435 137.692
1436 137.442
1437 137.057
1438 136.799
1439 136.714
1440 136.654
1441 136.237
1442 135.813
1443 135.378
1444 134.69
1445 134.066
1446 133.762
1447 133.69
1448 133.654
1449 133.491
1450 133.177
1451 133.053
1452 133.034
1453 133.256
1454 133.771
1455 134.207
1456 134.614
1457 135.122
1458 135.824
1459 136.272
1460 136.33
1461 136.666
1462 137.254
1463 137.973
1464 138.677
1465 138.997
1466 138.957
1467 138.971
1468 139.015
1469 138.757
1470 138.58
1471 138.932
1472 139.592
1473 140.097
1474 140.43
1475 141.024
1476 141.744
1477 142.15
1478 142.378
1479 142.829
1480 143.431
1481 143.953
1482 144.118
1483 144.466
1484 145.04
1485 145.585
1486 145.718
1487 145.392
1488 145.06
1489 144.847
1490 144.921
1491 145.042
1492 145.326
1493 145.504
1494 145.426
1495 145.052
1496 144.259
1497 143.303
1498 142.552
1499 142.222
1500 142.175
1501 142.062
1502 141.533
1503 140.77
1504 139.894
1505 138.883
1506 137.883
1507 137.17
1508 137.006
1509 137.135
1510 137.185
1511 136.859
1512 136.274
1513 135.805
1514 135.515
1515 135.422
1516 135.385
1517 135.376
1518 135.555
1519 135.68
1520 135.777
1521 135.632
1522 135.375
1523 134.922
1524 134.424
1525 133.997
1526 133.596
1527 133.357
1528 133.013
1529 132.422
1530 131.483
1531 130.504
1532 129.645
1533 128.717
1534 127.841
1535 127.056
1536 126.487
1537 125.95
1538 125.177
1539 124.392
1540 124.051
1541 123.886
1542 123.597
1543 123.374
1544 123.323
1545 123.412
1546 123.402
1547 123.434
1548 123.622
1549 123.792
1550 123.97
1551 124.13
1552 124.488
1553 124.979
1554 125.573
1555 126.183
1556 126.853
1557 127.44
1558 127.766
1559 127.978
1560 128.037
1561 128.272
1562 128.542
1563 128.673
1564 128.738
1565 128.585
1566 128.151
1567 127.494
1568 126.867
1569 126.484
1570 126.311
1571 126.129
1572 126.002
1573 125.789
1574 125.535
1575 125.096
1576 124.77
1577 124.852
1578 125.197
1579 125.86
1580 126.705
1581 127.322
1582 127.589
1583 127.624
1584 127.666
1585 127.985
1586 128.555
1587 129.238
1588 129.964
1589 130.718
1590 131.292
1591 131.712
1592 131.781
1593 131.752
1594 131.985
1595 132.368
1596 132.974
1597 133.664
1598 134.154
1599 134.141
1600 133.769
1601 133.28
1602 133.003
1603 132.991
1604 133.21
1605 133.488
1606 133.565
1607 133.41
1608 132.824
1609 132.019
1610 131.355
1611 131.188
1612 131.559
1613 132.388
1614 133.181
1615 133.864
1616 134.313
1617 134.391
1618 133.966
1619 133.431
1620 133.282
1621 133.81
1622 134.355
1623 134.747
1624 134.657
1625 134.202
1626 133.626
1627 133.084
1628 132.782
1629 132.656
1630 132.724
1631 132.95
1632 133.195
1633 133.481
1634 133.429
1635 133.154
1636 133.103
1637 133.266
1638 133.703
1639 134.204
1640 134.896
1641 135.55
1642 135.81
1643 135.803
1644 135.602
1645 135.436
1646 135.491
1647 135.644
1648 135.809
1649 136.144
1650 136.425
1651 136.474
1652 136.386
1653 136.147
1654 135.818
1655 135.882
1656 136.382
1657 137.042
1658 137.559
1659 137.908
1660 138.12
1661 138.233
1662 138.256
1663 138.227
1664 138.33
1665 138.582
1666 138.971
1667 139.077
1668 138.951
1669 138.484
1670 137.78
1671 137.144
1672 136.993
1673 137.261
1674 137.579
1675 137.833
1676 137.808
1677 137.725
1678 137.799
1679 138.012
1680 138.258
1681 138.393
1682 138.347
1683 138.507
1684 139.046
1685 139.87
1686 140.485
1687 140.576
1688 140.49
1689 140.099
1690 139.552
1691 139.238
1692 138.897
1693 138.804
1694 138.887
1695 139.142
1696 139.332
1697 139.541
1698 139.731
1699 140.057
1700 140.588
1701 141.207
1702 141.727
1703 142.275
1704 142.999
1705 143.88
1706 144.584
1707 144.846
1708 144.952
1709 144.918
1710 145.054
1711 145.24
1712 145.334
1713 145.253
1714 145.289
1715 145.364
1716 145.469
1717 145.633
1718 145.795
1719 145.958
1720 146.157
1721 146.625
1722 147.406
1723 148.084
1724 148.755
1725 149.525
1726 150.151
1727 150.674
1728 150.752
1729 150.649
1730 150.629
1731 150.695
1732 150.727
1733 150.719
1734 150.669
1735 150.354
1736 150.048
1737 149.847
1738 149.964
1739 150.424
1740 150.884
1741 151.358
1742 151.957
1743 152.367
1744 152.758
1745 152.655
1746 152.497
1747 152.337
1748 152.215
1749 152.166
1750 152.213
1751 152.388
1752 152.446
1753 152.319
1754 152.479
1755 152.652
1756 152.847
1757 152.907
1758 153.387
1759 154.348
1760 155.096
1761 155.647
1762 155.893
1763 156.147
1764 156.546
1765 156.845
1766 157.181
1767 157.475
1768 158.017
1769 158.452
1770 158.809
1771 159.157
1772 159.67
1773 160.22
1774 160.718
1775 161.009
1776 161.141
1777 161.479
1778 161.845
1779 162.196
1780 162.371
1781 162.345
1782 162.335
1783 162.343
1784 162.48
1785 162.601
1786 162.845
1787 163.367
1788 164.055
1789 164.524
1790 164.706
1791 164.807
1792 164.979
1793 165.283
1794 165.447
1795 165.654
1796 165.922
1797 166.136
1798 166.371
1799 166.444
1800 166.671
1801 167.134
1802 167.584
1803 167.628
1804 167.636
1805 167.973
1806 168.64
1807 169.228
1808 169.695
1809 170.177
1810 170.746
1811 171.189
1812 171.57
1813 171.905
1814 171.983
1815 171.905
1816 172.005
1817 172.114
1818 172.456
1819 172.895
1820 172.79
1821 172.384
1822 172.148
1823 172.036
1824 172.323
1825 172.908
1826 173.966
1827 174.92
1828 175.961
1829 177.054
1830 177.819
1831 177.992
1832 178.079
1833 178.112
1834 178.198
1835 178.634
1836 179.254
1837 179.898
1838 180.419
1839 180.379
1840 179.902
1841 179.261
1842 179.082
1843 179.33
1844 180.17
1845 181.432
1846 182.498
1847 183.199
1848 183.513
1849 183.601
1850 183.323
1851 183.324
1852 184.305
1853 185.824
1854 187.245
1855 188.208
1856 188.738
1857 188.642
1858 187.857
1859 186.733
1860 185.94
1861 185.837
1862 186.775
1863 188.135
1864 189.206
1865 189.563
1866 190.134
1867 190.109
1868 189.665
1869 189.201
1870 189.284
1871 189.548
1872 190.348
1873 191.483
1874 192.161
1875 192.214
1876 191.553
1877 190.785
1878 190.314
1879 190.194
1880 191.104
1881 192.138
1882 192.468
1883 192.195
1884 191.701
1885 191.693
1886 192.167
1887 192.897
1888 193.431
1889 193.897
1890 194.4
1891 195.088
1892 195.702
1893 196.144
1894 196.246
1895 196.102
1896 196.396
1897 196.786
1898 197.526
1899 198.014
1900 198.415
1901 198.706
1902 198.491
1903 198.377
1904 198.878
1905 199.961
1906 200.987
1907 201.873
1908 202.271
1909 202.037
1910 201.719
1911 202.26
1912 203.195
1913 204.187
1914 204.994
1915 205.327
1916 205.475
1917 205.724
1918 205.709
1919 205.538
1920 205.131
1921 205.235
1922 205.652
1923 206.494
1924 207.441
1925 207.986
1926 208.006
1927 207.949
1928 208.689
1929 209.371
1930 209.828
1931 210.544
1932 211.389
1933 212.28
1934 213.566
1935 215.049
1936 215.964
1937 216.468
1938 217.499
1939 218.443
1940 219.182
1941 220.377
1942 221.494
1943 222.205
1944 221.978
1945 221.456
1946 220.875
1947 220.379
1948 220.267
1949 220.387
1950 220.227
1951 220.08
1952 219.782
1953 219.506
1954 219.226
1955 219.424
1956 219.98
1957 220.599
1958 221.522
1959 222.544
1960 223.493
1961 224.1
1962 224.571
1963 225.135
1964 225.829
1965 226.68
1966 227.766
1967 228.433
1968 228.605
1969 228.84
1970 229.445
1971 229.96
1972 230.299
1973 230.738
1974 231.148
1975 231.456
1976 231.7
1977 232.131
1978 232.918
1979 233.584
1980 234.104
1981 234.483
1982 234.87
1983 235.305
1984 235.868
1985 237.099
1986 238.969
1987 240.877
1988 242.837
1989 244.794
1990 246.565
1991 248.168
1992 249.502
1993 250.76
1994 251.629
1995 252.8
1996 254.271
1997 255.529
1998 256.366
1999 256.627
2000 256.308
2001 255.812
2002 255.549
2003 256.137
2004 256.87
2005 257.679
2006 258.295
2007 258.66
2008 259.316
2009 260.758
2010 262.407
2011 263.49
2012 264.731
2013 265.874
2014 266.623
2015 267.347
2016 268.415
2017 269.276
2018 269.661
2019 269.815
2020 269.897
2021 269.324
2022 269.237
2023 269.905
2024 270.696
2025 270.977
2026 271.106
2027 270.903
2028 270.818
2029 271.787
2030 273.076
2031 273.982
2032 274.826
2033 275.844
2034 277.494
2035 278.988
2036 280.723
2037 282.427
2038 283.723
2039 284.464
2040 284.881
2041 285.121
2042 285.441
2043 286.687
2044 288.303
2045 289.576
2046 290.186
2047 291.114
2048 291.34
2049 290.721
2050 289.936
2051 289.367
2052 289.03
2053 288.068
2054 286.958
2055 285.947
2056 285.301
2057 285.523
2058 286.332
2059 286.675
2060 287.069
2061 287.783
2062 289.317
2063 290.678
2064 292.506
2065 294.152
2066 295.02
2067 295.496
2068 296.368
2069 297.479
2070 297.699
2071 297.753
2072 297.722
2073 297.595
2074 296.963
2075 296.133
2076 295.364
2077 294.884
2078 294.727
2079 294.947
2080 295.394
2081 296.505
2082 298.576
2083 299.634
2084 300.134
2085 300.535
2086 301.124
2087 302.026
2088 303.31
2089 304.352
2090 305.131
2091 305.702
2092 306.603
2093 306.587
2094 306.326
2095 305.411
2096 304.549
2097 304.168
2098 304.714
2099 306.276
2100 308.514
2101 310.027
2102 310.288
2103 310.184
2104 310.052
2105 310.278
2106 310.849
2107 310.746
2108 310.602
2109 310.765
2110 311.807
2111 312.586
2112 313.311
2113 313.531
2114 314.331
2115 315.698
2116 317.874
2117 320.132
2118 322.529
2119 325.123
2120 327.468
2121 329.438
2122 330.73
2123 331.654
2124 332.507
2125 333.663
2126 334.532
2127 334.601
2128 335.286
2129 336.652
2130 338.164
2131 338.723
2132 338.889
2133 340.069
2134 341.756
2135 343.503
2136 344.728
2137 345.047
2138 345.232
2139 346.391
2140 348.16
2141 349.732
2142 350.605
2143 351.648
2144 352.912
2145 353.218
2146 352.724
2147 353.285
2148 354.436
2149 355.44
2150 356.788
2151 358.093
2152 358.727
2153 360.679
2154 363.215
2155 364.774
2156 365.752
2157 366.423
2158 366.672
2159 367.671
2160 368.989
2161 370.266
2162 371.325
2163 371.889
2164 371.371
2165 371.47
2166 372.072
2167 373.529
2168 375.03
2169 375.523
2170 375.619
2171 375.104
2172 374.992
2173 374.823
2174 374.57
2175 374.53
2176 375.143
2177 377.07
2178 379.204
2179 381.444
2180 382.601
2181 383.827
2182 385.19
2183 386.46
2184 387.134
2185 387.706
2186 387.299
2187 386.775
2188 386.134
2189 386.026
2190 386.164
2191 385.841
2192 385.69
2193 386.08
2194 386.168
2195 387.102
2196 388.672
2197 390.093
2198 390.918
2199 392.592
2200 395.259
2201 398.474
2202 399.682
2203 400.241
2204 401.171
2205 401.193
2206 401.287
2207 400.973
2208 400.301
2209 400.019
2210 400.083
2211 401.166
2212 401.721
2213 402.457
2214 403.009
2215 403.32
2216 403.679
2217 405.215
2218 407.905
2219 410.521
2220 413.407
2221 416.323
2222 417.949
2223 419.518
2224 421.062
2225 421.943
2226 422.425
2227 424.333
2228 426.257
2229 427.872
2230 428.404
2231 427.825
2232 427.612
2233 427.177
2234 426.759
2235 427.38
2236 429.406
2237 431.975
2238 435.809
2239 438.073
2240 438.711
2241 439.794
2242 441.771
2243 443.058
2244 444.897
2245 447.388
2246 450.859
2247 453.553
2248 454.742
2249 456.74
2250 458.684
2251 459.356
2252 460.393
2253 462.562
2254 465.835
2255 469.675
2256 473.05
2257 474.728
2258 473.631
2259 472.26
2260 470.502
2261 469.654
2262 470.18
2263 471.935
2264 473.755
2265 475.637
2266 477.039
2267 478.852
2268 480.777
2269 484.542
2270 488.711
2271 492.777
2272 495.857
2273 499.272
2274 503.254
2275 507.01
2276 509.346
2277 509.665
2278 509.114
2279 508.603
2280 507.869
2281 508.195
2282 508.556
2283 507.993
2284 507.781
2285 506.622
2286 506.28
2287 507.075
2288 508.243
2289 508.995
2290 510.357
2291 512.398
2292 514.831
2293 516.021
2294 516.693
2295 517.699
2296 518.705
2297 519.263
2298 519.331
2299 519.885
2300 521.237
2301 523.244
2302 524.681
2303 525.156
2304 525.329
2305 525.59
2306 525.901
2307 526.081
2308 527.503
2309 528.205
2310 527.744
2311 528.848
2312 529.456
2313 530.302
2314 530.847
2315 530.657
2316 530.309
2317 529.898
2318 530.272
2319 531.87
2320 533.175
2321 534.304
2322 535.01
2323 535.224
2324 536.614
2325 537.124
2326 537.603
2327 537.511
2328 539.284
2329 541.472
2330 542.652
2331 541.437
2332 540.189
2333 538.418
2334 537.02
2335 536.307
2336 536.068
2337 535.869
2338 537.61
2339 539.742
2340 541.329
2341 542.019
2342 543
2343 544.001
2344 544.431
2345 546.836
2346 549.967
2347 551.687
2348 552.513
2349 553.923
2350 555.003
2351 556.246
2352 556.375
2353 556.413
2354 557.714
2355 560.474
2356 563.4
2357 565.748
2358 567.636
2359 569.247
2360 570.596
2361 572.743
2362 575.574
2363 578.014
2364 579.867
2365 581.203
2366 581.396
2367 580.589
2368 580.496
2369 581.297
2370 580.656
2371 580.793
2372 583.36
2373 587.354
2374 591.648
2375 596.023
2376 598.526
2377 601.056
2378 604.438
2379 610.019
2380 614.222
2381 616.853
2382 618.465
2383 619.706
2384 619.248
2385 617.385
2386 615.89
2387 615.094
2388 615.944
2389 617.858
2390 620.239
2391 622.989
2392 626.187
2393 628.824
2394 630.523
2395 632.672
2396 637.841
2397 643.664
2398 649.108
2399 652.221
2400 653.247
2401 652.577
2402 651.982
2403 652.015
2404 651.802
2405 651.068
2406 651.306
2407 653.526
2408 656.798
2409 660.851
2410 663.513
2411 664.922
2412 665.421
2413 668.182
2414 672.155
2415 676.804
2416 680.928
2417 683.955
2418 684.485
2419 684.672
2420 684.393
2421 684.374
2422 683.995
2423 684.538
2424 686.231
2425 689.383
2426 693.804
2427 698.45
2428 699.824
2429 699.584
2430 697.869
2431 697.872
2432 702.047
2433 707.794
2434 713.305
2435 717.155
2436 718.658
2437 717.941
2438 717.201
2439 715.334
2440 714.593
2441 713.894
2442 713.502
2443 713.924
2444 717.567
2445 720.577
2446 722.11
2447 721.771
2448 721.951
2449 722.687
2450 726.339
2451 731.748
2452 736.545
2453 738.911
2454 738.314
2455 736.68
2456 735.859
2457 734.666
2458 733.488
2459 732.464
2460 731.291
2461 731.764
2462 733.69
2463 738.312
2464 741.576
2465 744.374
2466 743.42
2467 741.391
2468 740.658
2469 741.781
2470 745.137
2471 749.233
2472 753.042
2473 753.257
2474 752.659
2475 750.425
2476 746.356
2477 742.976
2478 742.277
2479 742.339
2480 744.525
2481 749.024
2482 754.839
2483 758.177
2484 758.631
2485 758.008
2486 759.021
2487 759.749
2488 761.284
2489 766.129
2490 771.478
2491 774.012
2492 772.713
2493 769.054
2494 765.075
2495 761.375
2496 758.142
2497 759.074
2498 764.028
2499 772.719
2500 781.78
2501 787.78
2502 790.041
2503 789.955
2504 787.865
2505 787.196
2506 792.078
2507 799.294
2508 804.918
2509 807.924
2510 808.559
2511 806.551
2512 803.288
2513 801.276
2514 800.675
2515 801.909
2516 805.97
2517 812.255
2518 819.548
2519 825.264
2520 828.061
2521 827.764
2522 826.424
2523 829.603
2524 836.001
2525 841.632
2526 845.997
2527 848.456
2528 849.631
2529 849.206
2530 847.088
2531 844.296
2532 841.342
2533 840.613
2534 842.5
2535 848.493
2536 854.926
2537 859.358
2538 861.926
2539 862.267
2540 863.592
2541 866.431
2542 871.135
2543 876.881
2544 881.237
2545 884.969
2546 887.961
2547 888.152
2548 886.392
2549 884.703
2550 885.281
2551 884.926
2552 886.835
2553 893.665
2554 901.694
2555 907.511
2556 911.638
2557 914.666
2558 918.208
2559 920.03
2560 921.261
2561 922.543
2562 923.826
2563 927.762
2564 931.528
2565 932.465
2566 931.805
2567 929.183
2568 927.901
2569 930.379
2570 935.333
2571 941.316
2572 946.988
2573 952.413
2574 956.172
2575 958.958
2576 961.568
2577 964.549
2578 967.825
2579 971.501
2580 975.304
2581 979.405
2582 984.054
2583 984.185
2584 981.886
2585 978.425
2586 975.715
2587 974.81
2588 976.611
2589 982.388
2590 990.224
2591 996.056
2592 998.922
2593 1000.94
2594 1002.24
2595 1005.76
2596 1009.6
2597 1014.8
2598 1018.19
2599 1022.08
2600 1024.41
2601 1023.95
2602 1021.61
2603 1019.96
2604 1017.07
2605 1016.06
2606 1018.74
2607 1028.69
2608 1037.14
2609 1042.3
2610 1046.08
2611 1045.68
2612 1042.72
2613 1041.71
2614 1042.35
2615 1047.64
2616 1053.24
2617 1057.11
2618 1060
2619 1060.75
2620 1056.71
2621 1052.09
2622 1049.65
2623 1048.17
2624 1051.18
2625 1059.99
2626 1070.14