0 5016.88
1 5031.56
2 5046.35
3 5060.95
4 5075.44
5 5089.96
6 5104.19
7 5118.24
8 5132.19
9 5145.74
10 5158.78
11 5171.35
12 5183.47
13 5195.27
14 5206.77
15 5217.86
16 5228.54
17 5238.81
18 5248.65
19 5258.08
20 5267.11
21 5275.84
22 5284.41
23 5292.96
24 5301.33
25 5309.68
26 5317.73
27 5325.46
28 5332.95
29 5340.5
30 5347.77
31 5354.81
32 5361.59
33 5368.28
34 5374.95
35 5381.35
36 5387.57
37 5393.62
38 5399.4
39 5404.92
40 5410.18
41 5415.21
42 5420.15
43 5425.01
44 5429.63
45 5434.02
46 5438.28
47 5442.38
48 5446.3
49 5450.12
50 5453.92
51 5457.95
52 5462.31
53 5466.61
54 5470.83
55 5474.9
56 5478.74
57 5482.41
58 5485.89
59 5489.32
60 5492.62
61 5495.93
62 5499.31
63 5502.77
64 5506.27
65 5509.93
66 5513.61
67 5517.44
68 5521.25
69 5525.08
70 5528.9
71 5532.64
72 5536.25
73 5539.79
74 5543.2
75 5546.52
76 5549.87
77 5553.14
78 5556.34
79 5559.52
80 5562.58
81 5565.62
82 5568.74
83 5571.88
84 5574.94
85 5577.94
86 5580.99
87 5584.05
88 5587.07
89 5590
90 5592.86
91 5595.65
92 5598.38
93 5601.09
94 5603.73
95 5606.28
96 5608.75
97 5611.14
98 5613.47
99 5615.79
100 5618.02
101 5620.18
102 5622.26
103 5624.35
104 5626.46
105 5628.64
106 5630.89
107 5633.16
108 5635.37
109 5637.52
110 5639.63
111 5641.73
112 5643.84
113 5645.95
114 5648.14
115 5650.53
116 5652.96
117 5655.4
118 5657.86
119 5660.35
120 5662.84
121 5665.38
122 5668.02
123 5670.82
124 5673.72
125 5676.81
126 5680.01
127 5683.3
128 5686.66
129 5690.08
130 5693.75
131 5697.48
132 5701.22
133 5705
134 5708.86
135 5712.98
136 5717.3
137 5721.78
138 5726.33
139 5730.9
140 5735.55
141 5740.3
142 5745.11
143 5749.99
144 5754.94
145 5759.97
146 5765.02
147 5770.08
148 5775.16
149 5780.28
150 5785.52
151 5790.9
152 5796.33
153 5801.8
154 5807.4
155 5813.11
156 5818.86
157 5824.7
158 5830.57
159 5836.48
160 5842.42
161 5848.37
162 5854.36
163 5860.37
164 5866.41
165 5872.47
166 5878.57
167 5884.74
168 5891
169 5897.38
170 5903.85
171 5910.43
172 5917.07
173 5923.81
174 5930.66
175 5937.58
176 5944.59
177 5951.65
178 5958.88
179 5966.19
180 5973.61
181 5981.12
182 5988.69
183 5996.34
184 6004.11
185 6011.96
186 6019.88
187 6027.91
188 6036.04
189 6044.27
190 6052.62
191 6061.07
192 6069.67
193 6078.37
194 6087.17
195 6096.07
196 6105.05
197 6114.13
198 6123.34
199 6132.62
200 6142
201 6151.48
202 6161.05
203 6170.7
204 6180.47
205 6190.33
206 6200.3
207 6210.47
208 6220.88
209 6231.47
210 6242.19
211 6253.01
212 6263.91
213 6274.93
214 6286.08
215 6297.34
216 6308.66
217 6320.06
218 6331.54
219 6343.09
220 6354.7
221 6366.37
222 6378.11
223 6389.96
224 6401.94
225 6414.03
226 6426.26
227 6438.61
228 6451.03
229 6463.5
230 6476.09
231 6488.8
232 6501.59
233 6514.49
234 6527.55
235 6540.68
236 6553.93
237 6567.3
238 6580.76
239 6594.52
240 6608.56
241 6622.85
242 6637.26
243 6651.79
244 6666.43
245 6681.2
246 6696.06
247 6711.06
248 6726.16
249 6741.44
250 6756.84
251 6772.38
252 6787.99
253 6803.68
254 6819.48
255 6835.4
256 6851.42
257 6867.55
258 6883.8
259 6900.27
