190.513
233.16
246.052
242.205
226.489
194.858
152.793
115.773
88.3212
71.297
60.0426
54.7982
56.2042
61.1403
67.7038
75.6541
83.9888
91.7614
98.2671
103.145
106.327
108.385
110.767
113.168
115.122
116.165
115.88
113.807
110.019
104.831
99.2879
94.7152
92.8213
93.9285
96.3801
99.1079
102.096
106.294
110.476
114.206
117.448
120.353
122.784
124.301
125.035
125.083
124.238
122.384
119.428
115.556
111.232
108.21
107.274
106.4
105.356
104.109
103.096
102.236
101.293
99.9386
98.1862
96.1253
94.2209
92.8468
91.4636
89.993
88.5509
87.3403
86.3333
85.6867
86.001
90.9745
94.9652
94.9127
94.5231
95.183
96.0462
96.471
96.3618
95.8467
95.2899
94.6547
93.8801
93.0439
92.3746
91.8055
91.119
90.3137
89.5761
88.7262
87.4689
85.817
84.1746
83.204
82.3339
81.6525
81.0913
80.612
80.4104
80.5832
81.0515
82.6323
84.4989
86.615
88.9118
91.3512
93.8113
96.5206
98.4226
99.8274
101.115
102.565
104.219
105.851
107.474
109.364
111.194
112.779
113.975
114.66
115.564
114.895
113.561
111.882
109.814
107.338
104.562
101.541
99.1546
96.5801
94.1623
91.7598
89.215
86.5033
83.9118
81.7903
80.8399
82.7458
84.5837
86.0946
87.4433
88.4578
89.333
90.1407
90.6796
90.9352
91.4861
91.3309
90.7844
90.1982
89.2618
88.0348
86.4176
84.4322
82.7311
80.4875
78.8888
77.9034
76.5895
75.0323
73.1425
71.5533
69.2359
66.5351
64.1917
62.9308
63.0028
63.5241
64.8254
65.9026
66.6885
67.6023
68.4301
69.0933
69.6292
69.9459
70.8634
70.9931
71.1822
71.5883
71.8974
72.2326
72.4746
72.6385
73.5447
73.8724
74.2544
74.7558
75.4252
76.4443
77.7591
79.3978
80.9084
82.1608
83.8307
84.8994
85.9097
86.9313
87.7801
88.4773
89.0636
89.4576
89.7047
89.8225
89.8227
89.7303
89.5104
89.1968
88.8282
88.3782
87.8559
87.2409
86.5873
85.8846
85.1538
84.4235
83.7297
83.2321
83.2908
83.7177
84.2499
84.7709
85.2847
85.7962
86.3408
86.8998
87.395
87.7784
88.027
88.1613
88.1708
88.0689
87.8261
87.4419
86.9203
86.28
85.5977
85.0285
84.5902
84.2081
83.7803
83.2801
82.6744
82.0146
81.364
80.6663
79.8693
78.9911
78.1371
77.3591
77.1964
76.7179
75.7444
74.6574
73.5236
72.2863
70.9022
69.3869
67.8162
66.2165
64.9002
64.2517
64.0613
63.9503
63.8172
63.6666
63.5015
63.2474
62.8908
62.4279
61.8646
61.233
60.6871
60.287
59.9813
59.7188
59.5029
59.3387
59.2409
59.1659
59.0738
58.9226
58.6308
58.1968
57.588
56.7897
55.7879
54.5929
53.2672
51.8692
50.3846
48.8579
47.365
45.9608
44.6694
43.5132
42.4882
41.5863
40.9188
40.511
40.3767
40.3316
40.3575
40.5987
41.0029
41.6305
42.4709
43.5372
44.7521
45.9398
47.0176
47.9705
48.8317
49.5559
50.088
50.4382
50.6348
50.7262
50.8024
51.0215
51.3768
51.7393
52.0763
52.3807
52.6496
52.8774
53.0387
53.103
53.072
52.9361
52.7011
52.3672
51.9453
51.4442
50.8827
50.2733
49.6278
48.9591
48.2883
47.6206
46.9617
46.3347
45.7663
45.2683
44.8531
44.5189
44.2754
44.1024
43.9754
43.8661
43.756
43.6368
43.5042
43.3678
43.2263
43.0876
42.9385
42.7761
42.5955
42.3923
42.1803
41.9731
41.8101
41.7247
41.7441
41.8928
42.0248
42.1225
42.1738
42.1736
42.12
42.0111
41.8453
41.6286
41.3627
41.0511
40.7028
40.3292
39.9363
39.5344
39.142
38.801
38.5113
38.261
38.0472
37.8763
37.7389
37.6233
37.5271
37.44
37.3687
37.3133
37.2779
37.27
37.3024
37.3817
37.506
37.6396
37.7761
37.8915
37.9741
38.0133
37.9924
37.9063
37.7564
37.5544
37.3123
37.0405
36.7621
36.4642
36.1404
35.7756
35.3759
34.9479
34.4985
34.0302
33.5414
33.0358
32.5123
31.9713
31.4237
30.8661
30.3042
29.7458
29.2008
28.7219
28.3669
28.1595
28.0452
27.9805
27.9475
27.9406
27.9511
27.9792
28.0146
28.0661
28.1242
28.1844
28.2484
28.3079
28.3658
28.4147
28.4608
28.499
28.5274
28.5469
28.5614
28.5861
28.6393
28.7052
28.759
28.8044
28.8407
28.8691
28.8951
28.9187
28.9448
28.9778
29.0209
29.0964
29.1801
29.2663
29.3513
29.4211
29.4713
29.5025
29.5149
29.51
29.4875
29.4441
29.3786
29.2918
29.1845
29.058
28.9111
28.7456
28.5642
28.3667
28.1547
27.9315
27.7014
27.4647
27.2255
26.9822
26.7378
26.495
26.2573
26.0258
25.7969
25.5698
25.3388
25.1063
24.8704
24.6358
24.4007
24.1663
23.9281
23.6858
23.4426
23.1987
22.9551
22.7098
22.4596
22.204
21.9411
21.6713
21.398
21.1178
20.8312
20.5408
20.245
19.9465
19.6451
19.3412
19.0354
18.7303
18.4284
18.1339
17.8453
17.5644
17.3018
17.0568
16.8348
16.6308
16.4407
16.2647
16.1041
15.9627
15.8418
15.7368
15.6463
15.5732
15.5185
15.4863
15.4918
15.5353
15.616
15.7293
15.8621
16.0087
16.1649
16.3291
16.4978
16.668
16.8387
17.0111
17.1821
17.3463
17.5048
17.653
17.7909
17.9172
18.0311
18.132
18.2213
18.2984
18.3632
18.4166
18.457
18.4858
18.5029
18.5087
18.5026
18.484
18.4546
18.4144
18.3635
18.301
18.2296
18.1521
18.0654
17.97
17.8674
17.7598
17.6465
17.5266
17.4026
17.273
17.1388
17.001
16.8602
16.716
16.5689
16.4208
16.2732
16.1249
15.9773
15.8312
15.6862
15.5419
15.4
15.2601
15.1242
14.9954
14.8691
14.7479
14.6351
14.5337
14.4352
14.3388
14.2437
14.1517
14.061
13.9701
13.8826
13.7974
13.7163
13.6465
13.5858
13.5241
13.4601
13.3953
13.3292
13.2629
13.1967
13.129
13.0603
12.9888
12.9155
12.8407
12.7635
12.6844
12.6047
12.5237
12.4403
12.3553
12.268
12.179
12.0873
11.9929
11.895
11.7938
11.6896
11.583
11.4732
11.3606
11.246
11.13
11.0127
10.898
10.7955
10.7034
10.6205
10.5453
10.4759
10.4132
10.3565
10.3036
10.2562
10.2197
10.1891
10.1674
10.1507
10.1361
10.1244
10.1132
10.1035
10.0954
10.09
10.0865
10.0849
10.0854
10.0896
10.0969
10.1084
10.1262
10.1516
10.1836
10.2208
10.2641
10.3104
10.3583
10.4077
10.4581
10.5095
10.5615
10.6127
10.6632
10.7125
10.7601
10.8056
10.8494
10.8908
10.9298
10.9666
11.001
11.0335
11.0645
11.0948
11.1252
11.1529
11.1784
11.2015
11.2215
11.2376
11.2496
11.2573
11.2621
11.2638
11.2615
11.2553
11.2465
11.2349
11.2202
11.2026
11.1824
11.1598
11.1353
11.1083
11.0796
11.0491
11.0168
10.9831
10.9474
10.9094
10.8692
10.8264
10.7807
10.7321
10.6806
10.6261
10.5686
10.5083
10.4449
10.3788
10.3105
10.2391
10.1648
10.0878
10.0079
9.92539
9.84017
9.75189
9.6604
9.56594
9.46871
9.36871
9.26576
9.16016
9.0521
8.94118
8.8277
8.71148
8.59293
8.47216
8.34871
8.22306
8.09519
7.9653
7.83302
7.6989
7.5636
7.42786
7.2919
7.15575
7.02004
6.88455
6.74958
6.61506
6.48201
6.3535
6.2351
6.12948
6.03678
5.95227
5.8758
5.81175
5.75743
5.70917
5.66427
5.62326
5.58602
5.55267
5.52346
5.49725
5.4739
5.45447
5.43874
5.42537
5.41381
5.40385
5.39445
5.38577
5.37769
5.37098
5.36575
5.36097
5.3572
5.35363
5.34983
5.34746
5.34631
5.34552
5.34529
5.34564
5.34747
5.3505
5.35443
5.35908
5.36442
5.37154
5.37936
5.3878
5.39611
5.4041
5.41248
5.42175
5.43111
5.43995
5.44893
5.4585
5.46834
5.47822
5.4901
5.5025
5.51508
5.52782
5.54032
5.55262
5.5642
5.57546
5.58553
5.59448
5.60195
5.60768
5.61173
5.61428
5.6152
5.61495
5.61295
5.60895
5.60325
5.59559
5.58637
5.57582
5.56346
5.54948
5.53432
5.51753
5.49941
5.48011
5.45951
5.43774
5.41454
5.39016
5.36479
5.33834
5.31056
5.28175
5.25208
5.22159
5.19059
5.15885
5.12674
5.09405
5.06071
5.02662
4.99218
4.95721
4.92171
4.88569
4.84904
4.81166
4.77388
4.7356
4.69665
4.65695
4.61655
4.57568
4.53466
4.49297
4.45094
4.40846
4.36572
4.32294
4.28008
4.23711
4.19386
4.15081
4.10753
4.06422
4.02071
3.97727
3.93377
3.89013
3.8464
3.80235
3.75802
3.71328
3.66825
3.62282
3.57758
3.53199
3.48632
3.44046
3.39466
3.34914
3.30506
3.26296
3.22337
3.18575
3.15064
3.11747
3.0856
3.0537
3.02146
2.98902
2.95649
2.92443
2.89261
2.86083
2.82885
2.79685
2.7653
2.73356
2.70224
2.67137
2.64133
2.61195
2.58302
2.55442
2.52603
2.49829
2.4713
2.44458
2.41835
2.39278
2.36775
2.34348
2.32104
2.30047
2.28189
2.26561
2.25131
2.23878
2.22831
2.21945
2.21217
2.20677
2.20367
2.20244
2.20343
2.20662
2.2121
2.22008
2.23009
2.24208
2.25568
2.27044
2.28519
2.29999
2.3147
2.32938
2.34377
2.35769
2.37122
2.38433
2.39679
2.40866
2.42018
2.43132
2.4418
2.45194
2.46145
2.47034
2.47833
2.48559
2.49207
2.49802
2.50331
2.50808
2.51221
2.51541
2.51788
2.51968
2.52087
2.52125
2.52106
2.52011
2.51851
2.51627
2.51339
2.50976
2.50551
2.50072
2.49523
2.48906
2.48217
2.47456
2.46635
2.45735
2.44769
2.43743
2.42639
2.41472
2.40254
2.38968
2.37636
2.36244
2.34797
2.33302
2.31768
2.30203
2.28594
2.26942
2.25245
2.23487
2.21674
2.19796
2.1785
2.15843
2.13766
2.11629
2.09434
2.07186
2.049
2.0257
2.00191
1.97775
1.95323
1.92839
1.90322
1.87773
1.85201
1.82604
1.79985
1.77348
1.74708
1.72073
1.69429
1.66785
1.64152
1.61547
1.5895
1.56388
1.53861
1.51377
1.48925
1.46509
1.44128
1.41797
1.39599
1.37575
1.35723
1.34041
1.32556
1.31303
1.30274
1.29506
1.28982
1.28531
1.28133
1.2779
1.27498
1.27236
1.26996
1.26794
1.26639
1.26536
1.26486
1.26504
1.26579
1.26712
1.26881
1.27101
1.27379
1.27706
1.28072
1.28486
1.2894
1.29431
1.29969
1.30548
1.31196
1.31888
1.32612
1.33381
1.34189
1.35024
1.35866
1.36728
1.37595
1.38476
1.39364
1.40235
1.41086
1.41911
1.42728
1.4354
1.44339
1.4512
1.45877
1.4662
1.47346
1.48047
1.48707
1.49333
1.49939
1.50525
1.51094
1.51632
1.52147
1.52626
1.53063
1.53453
1.53788
1.5407
1.543
1.54477
1.54599
1.54659
1.54659
1.54603
1.54496
1.54351
1.5416
1.53912
1.53605
1.5324
1.52826
1.52365
1.51861
1.51303
1.50696
1.50039
1.49332
1.48582
1.47783
1.46937
1.46048
1.45114
1.44136
1.43114
1.4205
1.40946
1.3981
1.38643
1.37441
1.36206
1.34933
1.33621
1.3227
1.30883
1.29463
1.2801
1.26522
1.25
1.23446
1.21863
1.20249
1.18607
1.1694
1.15249
1.13536
1.11801
1.10046
1.08277
1.065
1.04707
1.02906
1.01094
0.992863
0.974885
0.957016
0.93942
0.922247
0.905655
0.889571
0.87385
0.858511
0.843592
0.829415
0.816025
0.80344
0.791882
0.781237
0.77165
0.763198
0.756307
0.750611
0.74585
0.741793
0.738258
0.735185
0.732524
0.730131
0.728084
0.726293
0.7248
0.72359
0.722752
0.722118
0.721789
0.721705
0.721996
0.72269
0.723726
0.725122
0.726722
0.728534
0.730607
0.732985
0.735526
0.738305
0.741408
0.74475
0.748242
0.751907
0.755693
0.759503
0.7634
0.767515
0.77171
0.775931
0.780273
0.784689
0.78917
0.793637
0.798055
0.802448
0.806754
0.811091
0.815441
0.819868
0.824431
0.829011
0.833658
0.838286
0.842879
0.84746
0.851981
0.85647
0.860973
0.865434
0.86984
0.874096
0.878131
0.881969
0.885592
0.888979
0.892109
0.894992
0.89758
0.899812
0.901747
0.903396
0.904777
0.905841
0.906584
0.906978
0.907016
0.906701
0.906064
0.905099
0.903802
0.90214
0.90015
0.897824
0.895182
0.892233
0.888966
0.885372
0.881419
0.877159
0.872581
0.867707
0.862551
0.857099
0.851357
0.845314
0.838996
0.832417
0.825547
0.818409
0.811059
0.803506
0.795729
0.787717
0.779453
0.770988
0.762332
0.753512
0.744537
0.735411
0.726132
0.716766
0.707336
0.697964
0.688622
0.679277
0.66991
0.660546
0.651162
0.641748
0.632329
0.622943
0.613712
0.604635
0.5957
0.587003
0.578734
0.570714
0.562893
0.555248
0.547758
0.54061
0.533928
0.527626
0.521622
0.515925
0.510441
0.505153
0.500052
0.495107
0.490389
0.485839
0.481468
0.477216
0.473172
0.469251
0.465475
0.461851
0.458371
0.455133
0.4521
0.449214
0.446513
0.444034
0.441743
0.439644
0.437703
0.435909
0.434229
0.432663
0.431278
0.430038
0.428857
0.427727
0.426628
0.425573
0.424488
0.423496
0.422541
0.421653
0.420799
0.419967
0.419201
0.418546
0.418006
0.41757
0.417265
0.417005
0.41682
0.416734
0.416734
0.416829
0.417052
0.417511
0.418063
0.418687
0.419433
0.420231
0.421072
0.421989
0.422835
0.423574
0.424252
0.424918
0.425572
0.426193
0.426737
0.427205
0.427551
0.4278
0.427954
0.428021
0.427969
0.427817
0.427561
0.42721
0.426764
0.426193
0.425526
0.424722
0.423794
0.422752
0.421625
0.420402
0.419084
0.41767
0.416189
0.414643
0.413037
0.411362
0.409614
0.407785
0.40587
0.403862
0.401754
0.399536
0.397244
0.394865
0.392393
0.389857
0.387219
0.384489
0.381665
0.378757
0.375773
0.372718
0.369577
0.36633
0.363001
0.359593
0.35614
0.352629
0.349069
0.345444
0.341815
0.338159
0.334464
0.330751
0.327001
0.323281
0.319738
0.316391
0.313194
0.310259
0.307519
0.304909
0.30244
0.300148
0.298118
0.296324
0.294673
0.293171
0.291789
0.290564
0.289466
0.28848
0.287622
0.286875
0.286261
0.285749
0.28535
0.285082
0.284858
0.28469
0.284577
0.284578
0.284669
0.284838
0.285146
0.285549
0.286005
0.286529
0.287052
0.287578
0.288111
0.288623
0.289102
0.289577
0.290049
0.290501
0.290932
0.291339
0.291702
0.292056
0.292393
0.292697
0.292982
0.29324
0.293471
0.29365
0.293829
0.293984
0.294073
0.294124
0.294128
0.294068
0.293979
0.293849
0.293635
0.293379
0.293098
0.292747
0.292362
0.291949
0.291458
0.290925
0.290341
0.289687
0.289005
0.288276
0.287509
0.286698
0.285826
0.284923
0.283974
0.283009
0.282015
0.281013
0.280022
0.279027
0.278029
0.277025
0.276052
0.27509
0.274105
0.273118
0.272064
0.270932
0.269734
0.268477
0.26715
0.265765
0.264327
0.262827
0.261263
0.259653
0.258003
0.256325
0.2546
0.252846
0.251066
0.249249
0.247399
0.245524
0.243618
0.241677
0.239678
0.237623
0.235532
0.233403
0.231237
0.229032
0.22679
0.224505
0.222186
0.219864
0.217526
0.215173
0.212798
0.210407
0.207994
0.205576
0.203158
0.200717
0.198275
0.19584
0.193439
0.191132
0.188877
0.186681
0.184541
0.182453
0.180438
0.178498
0.176631
0.174887
0.17327
0.171756
0.170401
0.169134
0.167981
0.166954
0.16607
0.165323
0.164709
0.164243
0.163881
0.1636
0.163389
0.163234
0.16312
0.163063
0.163067
0.163112
0.163179
0.16329
0.163421
0.163585
0.163773
0.163987
0.16423
0.164485
0.164742
0.165004
0.165271
0.165562
0.165877
0.166193
0.166504
0.166813
0.167124
0.16746
0.167803
0.168134
0.168458
0.168776
0.169078
0.16936
0.169623
0.169863
0.170088
0.170273
0.170426
0.17054
0.170617
0.170647
0.170646
0.170603
0.170511
0.170386
0.170213
0.170004
0.169748
0.169457
0.169133
0.168765
0.168345
0.167879
0.167377
0.166828
0.166233
0.165589
0.164909
0.164196
0.163443
0.162662
0.161851
0.161017
0.160143
0.159235
0.158298
0.157339
0.156348
0.155325
0.154268
0.153176
0.152046
0.150872
0.149668
0.148433
0.147163
0.145851
0.144506
0.143127
0.14172
0.140294
0.138843
0.137368
0.135876
0.134352
0.132797
0.131223
0.129635
0.128023
0.126396
0.124762
0.123118
0.121469
0.119818
0.118169
0.116538
0.114922
0.113327
0.111754
0.110194
0.108646
0.107111
0.105598
0.10409
0.102587
0.101094
0.099605
0.0981311
0.096662
0.0952076
0.0937655
0.0923439
0.0909608
0.089613
0.0883605
0.0871993
0.0861354
0.0851872
0.0843401
0.0835535
0.0828249
0.0821632
0.0815596
0.0810214
0.0805305
0.0800819
0.0796829
0.0793453
0.0790754
0.0788634
0.0787127
0.0786321
0.0785967
0.0786224
0.0787054
0.0788407
0.0790471
0.0793232
0.0796654
0.0800742
0.0805362
0.0810571
0.0816272
0.0822309
0.0828635
0.0835489
0.084276
0.0850129
0.0857449
0.0864627
0.0871682
0.0878588
0.0885281
0.0891812
0.0898168
0.0904291
0.0910176
0.0915857
0.0921303
0.0926499
0.0931441
0.0936134
0.0940571
0.0944782
0.094869
0.0952329
0.0955676
0.0958706
0.0961454
0.0963893
0.0966002
0.0967824
0.0969326
0.0970552
0.0971426
0.0971959
0.0972191
0.0972088
0.0971679
0.0970938
0.0969881
0.0968558
0.0966921
0.0964944
0.0962641
0.0960057
0.0957186
0.0953969
0.0950501
0.0946764
0.0942775
0.0938556
0.0934137
0.0929531
0.0924721
0.0919692
0.0914475
0.0909107
0.0903512
0.0897756
0.0891796
0.0885613
0.0879242
0.0872648
0.086583
0.0858826
0.0851557
0.0844128
0.0836512
0.0828695
0.0820698
0.0812523
0.0804189
0.0795688
0.0787055
0.0778271
0.076933
0.0760248
0.0751077
0.0741784
0.0732366
0.0722863
0.0713263
0.0703633
0.0693945
0.0684212
0.0674498
0.0664798
0.0655176
0.0645565
0.0635933
0.0626311
0.0616699
0.0607158
0.0597767
0.0588563
0.0579533
0.0570632
0.0561959
0.0553597
0.0545806
0.0538442
0.0531356
0.0524499
0.0517845
0.0511447
0.050545
0.0499768
0.0494247
0.0488836
0.0483597
0.0478553
0.0473679
0.0469145
0.0465024
0.046114
0.0457368
0.0453793
0.0450319
0.0446927
0.0443582
0.0440324
0.0437191
0.0434121
0.0431188
0.0428377
0.0425723
0.0423286
0.0421164
0.0419344
0.0417861
0.0416676
0.0415725
0.0415099
0.0414828
0.0414874
0.0415349
0.0416224
0.0417469
0.0419052
0.0421017
0.0423404
0.0426079
0.0428803
0.0431648
0.0434451
0.0437181
0.0439837
0.0442386
0.0444835
0.0447171
0.0449426
0.0451592
0.045367
0.0455688
0.0457614
0.0459465
0.0461216
0.0462901
0.0464489
0.0465964
0.0467323
0.0468553
0.0469638
0.0470617
0.0471464
0.0472196
0.0472782
0.0473246
0.0473573
0.0473753
0.0473835
0.0473782
0.0473603
0.0473269
0.04728
0.0472209
0.0471489
0.0470663
0.0469698
0.0468627
0.0467439
0.046613
0.0464677
0.0463102
0.0461421
0.0459641
0.0457731
0.0455684
0.0453529
0.0451276
0.0448935
0.0446498
0.044398
0.0441388
0.0438715
0.0435996
0.0433207
0.0430397
0.0427528
0.0424578
0.0421549
0.0418418
0.0415208
0.0411919
0.0408542
0.0405098
0.0401561
0.0397937
0.0394218
0.0390408
0.0386528
0.0382574
0.0378552
0.0374468
0.0370321
0.0366132
0.0361869
0.0357566
0.0353215
0.0348821
0.0344394
0.0339943
0.0335453
0.0330937
0.0326405
0.0321858
0.0317303
0.0312752
0.0308186
0.0303635
0.0299107
0.0294569
0.0290022
0.0285479
0.0280944
0.027642
0.0271905
0.0267383
0.0262964
0.0258818
0.0255038
0.0251608
0.0248672
0.0246152
0.0243847
0.0241696
0.0239732
0.0237967
0.0236374
0.0234851
0.0233362
0.0231915
0.023049
0.0229078
0.022766
0.0226239
0.0224825
0.0223415
0.0221998
0.0220566
0.0219144
0.021773
0.0216334
0.0214953
0.0213607
0.0212342
0.0211176
0.0210158
0.0209308
0.0208629
0.0208119
0.0207781
0.0207589
0.0207563
0.0207725
0.0208078
0.0208623
0.02094
0.0210379
0.0211568
0.0212926
0.0214376
0.0215901
0.0217484
0.0219144
0.022085
0.0222571
0.0224305
0.0226057
0.0227779
0.0229457
0.023109
0.0232689
0.023425
0.0235769
0.0237248
0.0238684
0.0240069
0.0241398
0.0242669
0.0243879
0.0245026
0.0246111
0.0247114
0.0248034
0.024887
0.024964
0.0250334
0.025096
0.0251512
0.025199
0.0252384
0.0252693
0.0252935
0.0253089
0.0253176
0.0253205
0.0253154
0.0253016
0.0252796
0.025249
0.0252106
0.0251642
0.0251096
0.0250456
0.0249726
0.0248925
0.0248048
0.0247096
0.0246066
0.0244956
0.0243777
0.0242533
0.0241231
0.0239867
0.0238434
0.0236948
0.0235408
0.0233814
0.0232162
0.0230451
0.0228677
0.0226828
0.0224906
0.0222907
0.0220836
0.0218701
0.0216494
0.0214221
0.0211873
0.0209451
0.020698
0.0204457
0.0201886
0.019926
0.0196582
0.0193854
0.0191073
0.0188241
0.0185365
0.0182456
0.0179514
0.0176547
0.0173542
0.01705
0.0167421
0.0164314
0.0161181
0.0158032
0.0154869
0.0151695
0.014852
0.0145336
0.0142134
0.0138923
0.0135734
0.0132707
0.0129825
0.0127064
0.0124421
0.0121909
0.0119625
0.0117745
0.0116166
0.0114769
0.0113561
0.0112543
0.0111729
0.011115
0.0110742
0.0110485
0.0110402
0.0110548
0.0110821
0.0111152
0.0111523
0.0111947
0.0112413
0.0112896
0.0113404
0.0113941
0.0114492
0.0115061
0.0115677
0.0116337
0.0117043
0.0117802
0.0118606
0.011946
0.0120379
0.0121355
0.0122377
0.012343
0.0124512
0.0125641
0.0126822
0.0128055
0.0129325
0.013064
0.013198
0.0133345
0.0134731
0.0136123
0.0137497
0.0138863
0.01402
0.0141514
0.0142814
0.0144093
0.0145348
0.0146563
0.014774
0.0148879
0.0149988
0.0151072
0.0152116
0.0153116
0.0154063
0.0154952
0.0155784
0.0156558
0.0157282
0.0157953
0.0158577
0.0159162
0.0159701
0.0160202
0.0160647
0.0161033
0.0161353
0.016161
0.0161804
0.0161938
0.0162
0.0161997
0.0161933
0.0161808
0.0161618
0.0161367
0.016105
0.0160669
0.0160238
0.0159751
0.0159204
0.0158589
0.0157911
0.0157176
0.015639
0.0155553
0.0154666
0.0153727
0.0152737
0.0151696
0.0150611
0.0149478
0.01483
0.0147082
0.0145825
0.0144525
0.0143186
0.0141801
0.0140367
0.0138895
0.0137377
0.0135817
0.0134211
0.0132562
0.0130872
0.0129143
0.0127379
0.0125579
0.0123749
0.0121887
0.0119994
0.0118071
0.0116118
0.0114138
0.0112136
0.0110109
0.0108062
0.0105996
0.0103914
0.0101811
0.00996919
0.00975814
0.00955004
0.00934445
0.0091416
0.00894142
0.00874564
0.00855961
0.00838216
0.0082135
0.00805852
0.00791779
0.00778959
0.00767265
0.00756981
0.00748151
0.00740933
0.0073531
0.00730897
0.00727019
0.00723745
0.00720889
0.00718348
0.00716122
0.00714236
0.00712634
0.00711381
0.00710459
0.00709753
0.00709266
0.00709034
0.00709078
0.00709462
0.0071012
0.00710966
0.0071201
0.00713199
0.00714536
0.00716102
0.00717876
0.00720099
0.00722665
0.00725438
0.00728547
0.00732026
0.00735828
0.00739941
0.00744528
0.00749498
0.00754776
0.00760312
0.00765856
0.00771308
0.00776653
0.00782037
0.00787414
0.00792764
0.00798071
0.00803298
0.00808439
0.00813481
0.00818426
0.00823153
0.00827687
0.00832046
0.00836146
0.00839977
0.00843646
0.00847152
0.00850389
0.00853535
0.00856678
0.00859637
0.00862403
0.00864979
0.00867417
0.0086965
0.0087164
0.00873338
0.00874738
0.00875828
0.00876584
0.00877026
0.00877128
0.00876893
0.00876347
0.00875513
0.00874355
0.00872906
0.00871148
0.00869066
0.00866659
0.00863924
0.00860868
0.00857485
0.00853802
0.00849846
0.00845578
0.00841022
0.00836162
0.00831062
0.0082573
0.00820118
0.0081421
0.00808009
0.00801537
0.00794815
0.00787877
0.00780723
0.00773328
0.00765716
0.00757885
0.00749856
0.00741638
0.00733209
0.00724576
0.00715765
0.00706804
0.00697662
0.00688382
0.00678934
0.00669388
0.00659747
0.00650042
0.00640224
0.00630307
0.00620289
0.00610143
0.00599931
0.00589797
0.00579926
0.00570251
0.00560878
0.00551835
0.00543083
0.0053488
0.00527184
0.00519879
0.00512864
0.00506332
0.00500462
0.00495206
0.00490402
0.00486034
0.00482041
0.00478404
0.00475049
0.00472019
0.00469256
0.00466808
0.00464655
0.0046282
0.00461221
0.00459889
0.00458819
0.00457993
0.00457477
0.00457175
0.00457094
0.00457258
0.00457584
0.00458133
0.00458769
0.00459475
0.00460284
0.00461077
0.0046186
0.00462618
0.00463347
0.00464035
0.00464651
0.00465234
0.00465756
0.00466226
0.0046664
0.00466985
0.0046729
0.00467586
0.00467857
0.00468076
0.00468265
0.00468433
0.00468577
0.00468683
0.00468783
0.00468864
0.00468912
0.00468927
0.00468902
0.00468876
0.00468812
0.00468767
0.00468725
0.00468659
0.00468591
0.0046855
0.00468498
0.00468458
0.0046847
0.00468422
0.00468357
0.00468337
0.00468351
0.00468321
0.00468305
0.00468265
0.00468134
0.00467886
0.0046752
0.00467045
0.00466426
0.00465669
0.00464776
0.00463782
0.00462672
0.00461431
0.0046006
0.00458556
0.0045691
0.00455142
0.00453246
0.00451242
0.00449134
0.00446907
0.00444551
0.00442078
0.00439482
0.00436784
0.00433989
0.00431093
0.00428088
0.00425002
0.0042182
0.00418545
0.00415179
0.00411735
0.00408197
0.00404594
0.00400932
0.00397196
0.00393415
0.00389593
0.00385696
0.00381716
0.00377679
0.00373594
0.00369466
0.00365306
0.00361094
0.00356836
0.00352528
0.00348188
0.00343817
0.00339424
0.00335014
0.00330659
0.00326454
0.00322421
0.00318492
0.00314772
0.00311214
0.00307843
0.0030476
0.00301907
0.00299238
0.0029671
0.00294403
0.0029238
0.00290641
0.00289124
0.00287758
0.00286561
0.00285535
0.00284683
0.0028397
0.00283394
0.00282945
0.00282591
0.00282335
0.00282189
0.00282139
0.00282183
0.00282313
0.00282489
0.00282723
0.00283026
0.00283371
0.00283781
0.00284261
0.00284782
0.00285416
0.00286141
0.00286942
0.00287801
0.00288702
0.00289666
0.00290663
0.0029168
0.00292677
0.0029364
0.00294573
0.00295463
0.00296311
0.00297082
0.00297787
0.00298443
0.00299032
0.00299565
0.00300051
0.00300455
0.00300804
0.00301104
0.00301332
0.00301465
0.00301529
0.00301541
0.00301474
0.00301327
0.00301146
0.00300889
0.00300532
0.00300106
0.00299642
0.00299088
0.00298477
0.00297815
0.00297093
0.00296302
0.00295437
0.00294528
0.00293587
0.00292591
0.00291563
0.00290475
0.00289325
0.00288122
0.00286865
0.00285542
0.00284156
0.00282706
0.00281186
0.00279597
0.00277933
0.0027621
0.00274435
0.00272599
0.00270702
0.0026875
0.00266757
0.00264749
0.0026277
0.00260844
0.00258956
0.00257031
0.00255025
0.00252948
0.0025081
0.00248607
0.00246345
0.00244038
0.00241672
0.00239265
0.00236827
0.00234365
0.00231861
0.00229326
0.00226752
0.00224147
0.00221531
0.00218903
0.00216255
0.00213575
0.0021086
0.00208127
0.00205375
0.00202626
0.00199863
0.00197091
0.00194304
0.00191529
0.00188791
