0.920653 0.283044 0.127658  1.65326
0.926159 0.269142 0.150495  1.66455
0.917029 0.284392 0.141481  1.64633
0.920097 0.276225  0.15289  1.65249
 0.91511 0.281351 0.152451  1.64218
0.916741 0.280995 0.149374  1.64552
0.920169 0.275225 0.147155  1.65164
0.920852 0.280515 0.139475  1.65407
 0.759767  0.152801 -0.450919   1.39928
 0.759903  0.152684 -0.450947   1.39956
 0.789707  0.130289 -0.405762   1.43483
  0.78404  0.129813 -0.414853   1.42676
 0.789765   0.13353 -0.411738    1.4384
 0.783155  0.114422 -0.414661   1.42212
 0.778697  0.120299 -0.421397   1.41684
 0.783229  0.120337 -0.417301   1.42456
 0.794227  0.122614 -0.399194   1.44049
 0.789386   0.10955 -0.406954   1.43131
 0.796937  0.110075 -0.393835   1.44233
 0.795857  0.113648 -0.400245   1.44315
 0.784969  0.123057 -0.414074    1.4272
 0.787384  0.115086 -0.409789   1.42905
 0.792602  0.124221 -0.405024   1.43977
 0.787861   0.12057 -0.409017   1.43061
 0.985933  0.150843 -0.064819   1.78695
 0.985762  0.152485 -0.056848   1.78585
  0.983753   0.153624 -0.0601243    1.78146
  0.984549   0.152053 -0.0606009    1.78318
  0.985242   0.153428 -0.0492292     1.7839
  0.984366   0.154756 -0.0424883    1.78122
  0.983116   0.155639 -0.0456066    1.77867
  0.983861   0.154289 -0.0457316    1.78024
  0.982321   0.158842 -0.0548697    1.77837
  0.983925   0.159253 -0.0491272    1.78192
   0.98448    0.15333 -0.0526337    1.78235
  0.982982   0.156387 -0.0481027    1.77883
  0.983156   0.155597 -0.0556618    1.77985
  0.983936   0.154873 -0.0522526    1.78129
0.970744 0.150586 0.181032  1.74176
 0.761775  0.152121 -0.450226   1.40295
 0.759824  0.152171 -0.451196   1.39943
0.760213 0.152748 -0.45077  1.40012
 0.760492  0.152739 -0.450655   1.40064
 0.760719  0.152559 -0.450622   1.40107
 0.761165  0.152424 -0.450489   1.40189
 0.764713  0.151472 -0.446507   1.40676
 0.762865  0.151453 -0.448817   1.40423
  0.76262  0.151524 -0.449661   1.40425
 0.763792  0.150471 -0.448559   1.40583
 0.765834  0.148382 -0.444391   1.40724
 0.768299  0.145717 -0.440464   1.40968
 0.779694  0.136655 -0.421463   1.42203
 0.775708  0.137013 -0.429678   1.41784
 0.780142  0.140104 -0.427135   1.42665
  0.75982  0.152962 -0.450866   1.39939
 0.759862  0.153026 -0.450861   1.39949
 0.760586  0.153171 -0.450581   1.40088
 0.759688   0.15321 -0.450978   1.39923
 0.759656  0.153172 -0.451101   1.39923
 0.759637  0.153034 -0.451234   1.39924
 0.759573  0.152965 -0.451304   1.39913
 0.761328  0.152527 -0.450272   1.40212
 0.759562  0.152727 -0.451407   1.39912
 0.760851  0.152688 -0.450514    1.4013
 0.759893  0.152548 -0.450971   1.39952
 0.759759  0.152097 -0.451323   1.39936
  0.75982   0.15249 -0.451013   1.39938
 0.806803  0.221933 -0.423736   1.49823
 0.805561  0.216323 -0.427385   1.49605
0.810508 0.218665 -0.42678  1.50676
   0.8082  0.218868 -0.425901   1.50152
 0.803292  0.210969 -0.432186   1.49243
 0.799463  0.205601 -0.438546   1.48644
 0.806086  0.204364 -0.436676   1.49926
 0.804251  0.207011 -0.435921   1.49558
 0.815614  0.214717 -0.426956   1.51694
0.813992 0.203451 -0.43181  1.51368
 0.825341  0.207468 -0.420955   1.53424
 0.819862  0.207618 -0.427093   1.52494
 0.806723  0.212932 -0.429921   1.49903
 0.811368  0.206402 -0.433187   1.50926
  0.81256   0.21472 -0.428142   1.51095
 0.809379  0.211436 -0.430512   1.50458
 0.732868  0.155387 -0.448817   1.34107
 0.733197  0.153936 -0.448917   1.34151
 0.730903  0.155701 -0.445614   1.33499
 0.728739  0.156679 -0.443125   1.32916
 0.729021   0.15461 -0.444227   1.33001
 0.729794  0.155472 -0.444172   1.33174
0.731563 0.151738 -0.44726   1.3366
 0.729335  0.152575 -0.445139   1.33082
 0.729812  0.150574 -0.445899   1.33189
 0.730486  0.151423 -0.445969   1.33349
 0.731594  0.154752 -0.446613   1.33687
 0.730081   0.15344 -0.445152   1.33254
 0.731901  0.152828 -0.447436   1.33763
 0.731111  0.153634 -0.446471   1.33554
 0.782783  0.142847 -0.419026   1.42874
 0.778584  0.147313 -0.426098   1.42429
 0.780173  0.149185 -0.421792   1.42587
 0.968922  0.164082 0.0685432   1.74091
 0.967526  0.168796 0.0713427   1.73837
 0.968671  0.167661 0.0631905   1.74052
 0.968363  0.166656 0.0674728   1.73986
 0.968173  0.174398 0.0595437   1.74016
 0.965926  0.172036 0.0643184   1.73449
0.967263 0.173163 0.070643  1.73836
0.775601 0.150245 -0.43003  1.42057
 0.966619  0.198601 0.0837334   1.74012
  0.77071  0.150249 -0.436193   1.41339
   0.981141    0.159135 -0.00867257     1.77116
   0.980739    0.159597 -0.00162235     1.76983
   0.979959    0.161003 -0.00557829     1.76839
   0.980452    0.159758 -0.00527071     1.76935
  0.979886   0.159978 0.00507047    1.76744
 0.978884  0.160961 0.0120631   1.76482
   0.97853   0.162131 0.00692151    1.76438
  0.978912   0.160742 0.00808664    1.76502
   0.979783    0.164388 -0.00297789     1.76852
   0.979326    0.164678 0.000681346     1.76727
  0.979893   0.159929 0.00149906    1.76763
   0.97823   0.162211 0.00334271    1.76389
   0.979523    0.161794 -0.00223463      1.7673
   0.979526    0.160993 0.000806504     1.76697
0.766847 0.150312 -0.44352  1.40929
 0.761975  0.152158 -0.449777    1.4031
 0.764988  0.151795 -0.444712   1.40635
 0.759613  0.153148 -0.451176   1.39918
  0.76216  0.152723 -0.449563   1.40347
 0.759676  0.153239 -0.451044   1.39925
0.760285 0.153107 -0.45073  1.40032
 0.759998  0.152945 -0.450858   1.39976
0.970366 0.152454 0.181778  1.74108
 0.944374  0.172121 -0.264989   1.73281
 0.943776  0.174489 -0.255069   1.72904
  0.94153  0.180672 -0.260719   1.72706
 0.943055  0.175271 -0.260381   1.72912
 0.937929  0.194447 -0.252743   1.72016
  0.93879  0.185809 -0.251235   1.71917
 0.937451  0.181572 -0.246076   1.71294
0.949881 0.200899 0.106037  1.70761
 0.959426  0.211536 0.0921025   1.73097
0.956552 0.198021 0.103024  1.72118
0.953199 0.203598 0.102959  1.71519
 0.965757  0.210377 0.0837104   1.74319
 0.970223  0.206664 0.0811404   1.75158
 0.960732  0.197982 0.0939743    1.7281
 0.960741   0.20259 0.0963225   1.73066
 0.961171  0.209433 0.0911288   1.73312
 0.962187  0.169825 0.0927768   1.72785
 0.958702  0.171555 0.0994072   1.72069
 0.961649  0.174904 0.0947814   1.72749
0.960908 0.171156 0.096028   1.7254
0.952074 0.176682 0.106696  1.70682
0.943478 0.189501 0.110129  1.68969
0.955629  0.18894 0.105892  1.71748
0.952401   0.1828 0.109415  1.70939
0.962818 0.185028 0.093851  1.73149
 0.960542  0.190657 0.0959722   1.72705
 0.95714 0.174054 0.103074   1.7179
0.957797  0.18573 0.101809  1.72098
  0.96031  0.178643 0.0972015   1.72505
0.958458 0.179093 0.101121  1.72141
 0.968588  0.173505 0.0757515   1.74195
  0.96813  0.174716 0.0782399   1.74107
 0.967491  0.167886 0.0747215   1.73838
 0.968089  0.164374 0.0721542   1.73915
0.966842 0.165781 0.078138  1.73675
0.967702 0.165685 0.075426  1.73863
 0.965316  0.170112 0.0834349   1.73416
 0.965624   0.16702 0.0826417   1.73441
 0.964152  0.168437 0.0871191   1.73161
 0.965093  0.168168 0.0846259   1.73352
 0.967068  0.169207 0.0774076   1.73771
  0.96655  0.166789 0.0804689    1.7364
 0.965756  0.170299 0.0811036   1.73493
 0.966642  0.168581 0.0796084   1.73676
 0.974207  0.169193 0.0514648   1.75412
 0.973238  0.170048 0.0549436   1.75183
 0.973463  0.164252 0.0490388   1.75142
 0.974698  0.162116 0.0457003   1.75407
 0.973801  0.161414 0.0524361   1.75184
  0.97389  0.162234 0.0492028   1.75214
0.970792 0.164758 0.060499  1.74517
 0.972167    0.1612 0.0585946   1.74795
  0.96998  0.162409 0.0651497   1.74306
0.970865 0.162208 0.061711  1.74502
 0.972865  0.164842 0.0524288   1.75009
 0.972722  0.161533 0.0555437   1.74926
 0.970965   0.16533 0.0575198   1.74556
 0.972588  0.163589 0.0549475   1.74923
 0.971356  0.181947 0.0574956   1.74913
 0.984829  0.144464 -0.107503   1.78943
 0.982051  0.150086 -0.100063   1.78248
 0.981829  0.148388 -0.112684   1.78369
0.983145 0.147178 -0.10655  1.78567
  0.979244    0.15967 -0.0919885     1.7763
 0.979572  0.157025 -0.117946   1.78093
 0.978188  0.153799 -0.109925   1.77532
  0.981759   0.155363 -0.0999537    1.78288
 0.748835   0.25133 -0.363919   1.35093
 0.746209  0.244607 -0.371125   1.34703
 0.754098  0.247285 -0.371406   1.36482
 0.750784  0.247637 -0.368738   1.35639
 0.743879  0.238012 -0.377491   1.34347
 0.741986  0.231509 -0.383239   1.34064
 0.749255  0.234239 -0.383774   1.35715
 0.74605 0.234445 -0.38139  1.34906
 0.757661  0.242719 -0.378361    1.3751
0.756911 0.238549 -0.38201  1.37411
 0.748223   0.24101 -0.375449   1.35245
 0.752839   0.23736 -0.381456   1.36452
  0.75548   0.24399 -0.375447   1.36896
 0.751438   0.24068 -0.377992    1.3606
 0.956655  0.167763 -0.201663   1.74401
 0.963303  0.168199 -0.190842   1.75798
 0.962239  0.157825 -0.214634   1.75877
 0.965048  0.155713 -0.223016   1.76736
 0.968629  0.153838 -0.213885   1.77334
 0.963969  0.154729 -0.218105   1.76317
 0.968414  0.155684 -0.192188   1.76801
0.972382  0.15178 -0.20284  1.77945
 0.975599  0.149285 -0.191288   1.78417
 0.970977  0.150953 -0.196381   1.77426
 0.962285  0.159697 -0.208729   1.75774
  0.96752  0.153438 -0.207972   1.76902
 0.966493  0.159898 -0.196298   1.76516
 0.96566  0.15778 -0.20444  1.76455
 0.762813  0.216471 -0.410985    1.3966
  0.73124  0.177094 -0.429182   1.33019
 0.733275  0.175672 -0.433103    1.3365
 0.734112   0.17849 -0.430747   1.33745
 0.732641  0.176934 -0.431086   1.33422
 0.73584 0.174917  -0.4381  1.34482
 0.737924  0.180172 -0.434124   1.34794
0.735695 0.178212 -0.43398   1.3427
 0.734842  0.176487 -0.434944   1.34111
 0.732822  0.163743 -0.444557   1.34004
 0.732766  0.162172 -0.444953   1.33983
  0.73086  0.164444 -0.440531   1.33356
 0.72876 0.165701 -0.43746  1.32758
 0.728601  0.163387 -0.439122   1.32778
 0.729644  0.164362 -0.438854   1.32997
 0.730704   0.16001 -0.443249   1.33399
 0.728571  0.161142 -0.440587   1.32815
 0.728559  0.158887 -0.441904   1.32848
  0.72952  0.159861 -0.441749   1.33056
 0.731446  0.163331 -0.441925   1.33541
 0.729538  0.162086 -0.440371   1.33021
0.731338 0.161184 -0.44326  1.33557
 0.730676   0.16214 -0.441929   1.33355
 0.734596  0.148001 -0.450979   1.34456
0.735272 0.146647 -0.45084   1.3456
 0.732628  0.147941 -0.448506   1.33885
 0.730431  0.148647 -0.446563   1.33321
 0.731088  0.146808 -0.447144   1.33458
 0.731625  0.147571 -0.447293   1.33593
 0.734049  0.144475 -0.449223   1.34159
 0.731833   0.14504 -0.447563   1.33606
 0.732704   0.14335 -0.447887   1.33775
 0.733101  0.144041 -0.448111   1.33883
 0.733428  0.147149 -0.449157   1.34078
 0.732309  0.145775 -0.447762    1.3373
 0.734119  0.145451 -0.449536   1.34213
  0.73322   0.14611 -0.448877   1.33996
 0.774452   0.14715 -0.433804   1.41946
0.970373 0.152415 0.181751  1.74109
0.970373 0.152588 0.181689  1.74111
0.970425 0.152179 0.181757   1.7412
0.970476 0.151925 0.181702   1.7413
0.970507 0.151795 0.181545  1.74134
0.970601 0.151324 0.181352  1.74151
0.971029 0.145636 0.181634  1.74242
0.970961 0.149429 0.180495  1.74215
0.942644 0.200037 0.213208  1.69667
0.946868 0.186892 0.220144   1.7057
0.940654  0.19657 0.221137  1.69334
0.942713 0.189024 0.224583  1.69762
0.939714 0.191322 0.226558  1.69152
0.940699  0.19242 0.224341  1.69345
0.942981 0.191069 0.220623  1.69747
0.942681 0.195644 0.218623  1.69725
0.971294 0.147608 0.179582  1.74275
0.973289 0.135771 0.175548  1.74676
0.977262 0.120543 0.164095  1.75463
 0.984918 0.0124883  0.170859   1.78339
 0.985154 0.0396679  0.171888    1.7814
 0.991382 0.0230591  0.141817    1.7941
 0.985026 0.0250881  0.163136   1.78116
 0.985429 0.0603325  0.172225   1.77938
 0.984119 0.0760509  0.171846   1.77396
  0.98903 0.0711744   0.15683   1.78432
 0.985141 0.0689107  0.167733   1.77663
 0.993574 0.0462791   0.12315   1.79513
 0.989854 0.0681218  0.136525   1.78464
 0.993955 0.0710754  0.113071   1.79321
 0.993917 0.0603132  0.124799    1.7946
0.985132 0.050088 0.165717  1.77879
 0.988275 0.0638632  0.147669   1.78221
 0.991177 0.0394053  0.139353   1.79138
0.989714 0.050072 0.150938  1.78782
0.970345 0.152475 0.181825  1.74105
0.970338 0.152432 0.181879  1.74103
0.970444 0.151713 0.182026  1.74126
0.970284  0.15263 0.182068  1.74096
0.970256 0.152719  0.18215  1.74093
0.970238 0.152801 0.182191   1.7409
0.970224 0.152834 0.182207  1.74088
0.970669 0.150905 0.181435  1.74166
0.970228 0.152889 0.182164  1.74089
0.970553 0.151527 0.181603  1.74144
0.970374 0.152431  0.18171  1.74109
0.970346 0.152692 0.181748  1.74107
0.970375 0.152478   0.1817  1.74109
 0.97185 0.124159 0.177957  1.74351
 0.97125 0.149648 0.178695  1.74264
0.972293 0.129901 0.181486  1.74538
 0.97135 0.138281 0.182422  1.74331
0.971116 0.143699 0.182582  1.74281
0.970236 0.152748 0.182197  1.74089
0.970658   0.1498 0.181903  1.74166
0.970262 0.152647 0.182136  1.74093
0.970401 0.152051 0.181973  1.74117
0.970367 0.152343 0.181867  1.74109
 0.777833  0.116222 -0.422676   1.41495
 0.775911  0.110754 -0.423061   1.41013
 0.781519  0.111497 -0.417184   1.41937
 0.778478  0.112571 -0.420808   1.41479
 0.773356  0.106503 -0.425488   1.40526
0.767764 0.104852 -0.42723   1.3939
 0.772904   0.10205 -0.421604   1.40161
 0.772438  0.103621 -0.425095   1.40266
 0.786133  0.104899 -0.411194   1.42554
 0.779403 0.0996833 -0.414023   1.41152
 0.786009   0.10038 -0.400914   1.41986
 0.785381 0.0997579  -0.41024   1.42277
 0.776392  0.107131 -0.422718   1.41045
 0.778235  0.101097 -0.418818   1.41159
 0.782182  0.106568 -0.415991   1.41951
 0.779053  0.104884 -0.419348   1.41416
 0.773852   0.13789 -0.434054   1.41641
 0.765112  0.154538 -0.443044   1.40625
 0.750969  0.123842 -0.446829   1.37213
 0.752989  0.122241 -0.445812   1.37553
 0.748494  0.122423 -0.446721   1.36655
 0.745592  0.122486 -0.446296   1.36018
  0.74724  0.120537 -0.445386    1.3628
 0.747501  0.121424 -0.446197   1.36396
 0.752361  0.118743 -0.444358   1.37275
 0.748986  0.118549 -0.444219   1.36548
 0.750966  0.116474 -0.442704   1.36846
 0.751245  0.117453 -0.443856   1.36987
 0.749805  0.121892 -0.446289   1.36899
 0.749247  0.119479 -0.445167   1.36673
 0.751748  0.120058 -0.445173   1.37214
  0.75018  0.120491 -0.445625   1.36915
 0.770714  0.154718 -0.436964   1.41484
  0.74568  0.202835 -0.416654   1.35955
 0.750438   0.21145 -0.409856   1.36798
 0.741535  0.204858 -0.410953   1.34784
 0.743542  0.209391 -0.406816   1.35089
 0.738283  0.207464 -0.405401   1.33845
 0.740685  0.207026 -0.408044   1.34491
 0.745884  0.208484 -0.410956   1.35808
 0.744374  0.205918 -0.412799   1.35527
 0.833672  0.233349 -0.411183    1.5523
 0.838418  0.232706 -0.406964    1.5604
  0.83275  0.234038 -0.406017   1.54806
 0.834285  0.232664 -0.408824   1.55225
 0.843455  0.231741 -0.402268    1.5689
 0.848956  0.230549 -0.397012   1.57819
0.842418 0.232914 -0.39636  1.56425
 0.844126  0.230862 -0.399419   1.56873
 0.832142  0.236636 -0.397881   1.54386
 0.836882  0.237308 -0.393252   1.55236
 0.839104  0.231935 -0.404352   1.56039
 0.839443  0.234023 -0.398045   1.55895
0.834612 0.234244 -0.40281  1.55073
  0.83778  0.233539 -0.401685   1.55681
  0.74422  0.131303 -0.450833   1.36159
 0.741869  0.134309 -0.451428   1.35754
 0.742482  0.130346 -0.449579   1.35693
 0.741204  0.131999 -0.449705   1.35461
 0.740808  0.130359 -0.448752   1.35289
  0.74144  0.130898 -0.449312   1.35467
 0.741928  0.133004 -0.450648   1.35693
 0.743329  0.131545 -0.450295   1.35938
 0.849752  0.229498 -0.393756   1.57809
0.850687 0.232289 -0.38618  1.57774
0.844602 0.233258 -0.39256  1.56749
 0.848387  0.231877 -0.390787   1.57452
 0.851564  0.237482 -0.375261   1.57696
  0.83956  0.237491 -0.388164   1.55617
 0.842334  0.236417 -0.387768   1.56141
 0.849007  0.237027 -0.381789   1.57379
 0.875752  0.231344 -0.343972   1.61648
 0.862169  0.233241 -0.360858   1.59319
 0.874594  0.224379 -0.358664   1.61713
 0.867434  0.226398 -0.366789   1.60491
 0.873079  0.220648 -0.368657   1.61654
 0.871491  0.224074 -0.364768   1.61243
 0.864846  0.230554 -0.360468   1.59784
 0.872433  0.230708 -0.352907   1.61206
  0.90438  0.202157 -0.335499   1.66985
 0.910935   0.19921 -0.327222   1.68125
 0.903871  0.203767 -0.326448   1.66576
 0.905373  0.200387 -0.330789   1.66988
 0.917289  0.194941 -0.317364   1.69147
0.923049 0.189695 -0.30826  1.70046
  0.91617  0.197196 -0.305894   1.68549
 0.918511  0.192435 -0.311462   1.69161
  0.8993 0.213228 -0.31131  1.65223
 0.909769  0.212617 -0.300286   1.67307
 0.912037  0.197532 -0.321371   1.68124
 0.914352  0.203172 -0.308609   1.68392
 0.905621   0.20486 -0.320626   1.66802
 0.910315  0.202644 -0.316951   1.67706
 0.921375  0.197894 -0.276079   1.68779
 0.93128 0.197354 -0.26418  1.70788
 0.926836  0.187455 -0.291124     1.703
 0.928529  0.185404 -0.300072   1.70949
 0.934225  0.182871 -0.290948   1.71934
 0.928563  0.183979 -0.295111   1.70748
 0.937326  0.181884 -0.268726   1.71953
  0.93948  0.179118 -0.280169    1.7275
 0.944115  0.174271 -0.270444   1.73439
 0.939807  0.176977 -0.273988   1.72582
  0.92792  0.189106 -0.284904   1.70393
 0.934358  0.181649 -0.284688   1.71728
 0.935705  0.187891 -0.271851   1.71822
 0.932528  0.186851 -0.280587   1.71295
 0.940707  0.183061 -0.238768   1.71881
 0.949639  0.182838 -0.226668   1.73735
0.946351 0.172477 -0.25316  1.73408
 0.948628  0.170218 -0.261901   1.74165
 0.953294  0.167947 -0.252571   1.74961
 0.948084  0.169035 -0.256867   1.73849
 0.954933  0.167533 -0.230321   1.74739
 0.957561   0.16452 -0.241625   1.75611
 0.961428  0.159747 -0.231686   1.76175
 0.957403  0.162562 -0.235403   1.75358
 0.946995  0.174346 -0.246911   1.73422
 0.952889  0.167013 -0.246274   1.74659
 0.953654  0.173503 -0.233606   1.74661
 0.951103  0.172147 -0.242435    1.7424
 0.739422  0.187026 -0.428961   1.34962
 0.743232  0.193899 -0.423609   1.35611
 0.736303  0.188497 -0.423589   1.34011
0.737835 0.192189 -0.42046  1.34237
 0.733785    0.1906 -0.419011   1.33263
 0.735628  0.190219 -0.421206   1.33768
 0.739731  0.191366 -0.424017   1.34831
 0.738328  0.189286 -0.425427    1.3457
 0.744272  0.228039 -0.387131   1.34653
 0.748503  0.224846 -0.393506   1.35818
 0.751037  0.230852 -0.387752   1.36212
  0.74721  0.227699 -0.389885    1.3542
 0.753854  0.222016 -0.399683   1.37251
 0.759595  0.233429 -0.389384   1.38239
 0.753518   0.22977 -0.391708   1.36946
0.752176 0.226188 -0.39475  1.36722
 0.974166  0.154971 -0.150749    1.7734
 0.973712  0.151676 -0.145084   1.77018
 0.974843  0.149429 -0.168426   1.77733
 0.978397  0.146286 -0.179887   1.78791
 0.980662  0.143354 -0.169549   1.79067
 0.977388  0.144957 -0.173137   1.78367
 0.980323  0.142618 -0.150709   1.78575
 0.982816  0.140915 -0.160609   1.79362
 0.984585   0.13989 -0.153023   1.79624
 0.982413  0.140034 -0.154851   1.79127
  0.97746  0.149189 -0.159866   1.78205
 0.980129  0.142043 -0.163242   1.78775
 0.97929 0.144931  -0.1523  1.78406
 0.978536  0.145099 -0.158856   1.78358
 0.852922  0.239732 -0.348285   1.56922
 0.867273  0.240245 -0.332979   1.59586
 0.994472  0.083653 0.0928359   1.79341
 0.993741  0.106502 0.0810938   1.79222
 0.997406 0.0798123 0.0678181    1.8021
 0.997131  0.089431 0.0796177   1.80056
 0.986985  0.144545 0.0604048   1.77962
 0.992547  0.136124 0.0728017   1.79142
 0.998905 0.0827215 0.0337499   1.80823
 0.996054  0.127804 0.0311012    1.8037
    1.00035    0.104268 -0.00606318      1.8164
0.998367 0.104288 0.018079  1.80915
 0.992843  0.117551 0.0695069    1.7911
 0.995292  0.128389 0.0455963   1.79985
 0.998415 0.0909221 0.0513054   1.80569
 0.996209  0.111303 0.0549557   1.80024
  0.89998  0.204011 -0.337869   1.66105
 0.901205  0.205726 -0.327623   1.66064
 0.897366  0.211762 -0.331946   1.65523
 0.899094  0.206937 -0.332629   1.65794
 0.894774  0.223294 -0.321143    1.6493
0.896177 0.215792  -0.3215  1.64997
0.895551 0.211982  -0.3176  1.64557
 0.985806  0.139694 -0.145998   1.79794
 0.986097  0.141494 -0.134974   1.79693
 0.982423   0.14344 -0.143339   1.78968
 0.983815  0.140986 -0.142395    1.7925
 0.986507  0.142501 -0.123591   1.79607
 0.986841  0.143565 -0.112562   1.79516
 0.982453  0.146371 -0.118072   1.78577
 0.984473  0.143401 -0.118801    1.7903
 0.977071  0.153477 -0.135836   1.77695
 0.981056  0.154662 -0.125104   1.78527
 0.984267  0.142538 -0.130202   1.79167
0.981385 0.148238 -0.12411  1.78458
0.981308   0.1466 -0.13778  1.78647
 0.982756  0.145384 -0.130098   1.78848
 0.97252 0.145452 0.173364  1.74492
 0.963263  0.169663 0.0895668   1.72996
 0.961852   0.17495 0.0906366   1.72734
 0.964148  0.172248 0.0848387   1.73176
 0.963351  0.171942 0.0882926   1.73029
 0.965853  0.178552 0.0797244   1.73603
  0.96245  0.183698 0.0826289   1.72847
0.963663 0.175362 0.084093  1.73079
 0.962013  0.183308 0.0883749   1.72838
 0.962162  0.178245 0.0879529   1.72806
 0.878539  0.349293 0.0244109   1.57417
   0.88296   0.346576 0.00368891    1.58449
 0.889085  0.341007 0.0309373   1.59563
 0.881931  0.346555 0.0201198    1.5812
  0.888395   0.334722 -0.0167938    1.59491
 0.900686  0.327886 0.0345642   1.61857
 0.889007  0.335503 0.0236086   1.59386
 0.890802  0.339544 0.0045453   1.60058
0.972166 0.142073 0.178238  1.74454
 0.977929 0.0941657  0.181087   1.75931
0.976154 0.109015 0.180504  1.75462
0.976169 0.102996 0.185672  1.75588
0.979486 0.131678 0.135584  1.75843
0.978351 0.124466 0.145062  1.75566
 0.972086 0.0889715  0.210268   1.75393
 0.975028 0.0829457  0.202756   1.75894
 0.972271 0.0751672  0.207557   1.75503
 0.974032 0.0824156  0.206929    1.7582
  0.97845 0.0785939  0.192615   1.76453
 0.981019 0.0782946  0.180601   1.76789
 0.980624 0.0642714  0.182734   1.76928
 0.981586 0.0733706  0.185187     1.771
0.972556 0.055862 0.201799  1.75582
 0.978607 0.0475105   0.18545    1.7672
 0.975218 0.0282122   0.18798   1.76128
 0.977593 0.0439774  0.191909   1.76675
 0.977178 0.0767526  0.197391   1.76321
 0.980018 0.0599415  0.188431   1.76988
 0.974803 0.0664141  0.202048   1.76033
  0.97614 0.0674659  0.196825    1.7617
0.925129 0.249579 0.186748  1.66194
0.926567 0.253594 0.178419  1.66499
0.928889 0.245645  0.18636  1.66971
0.926362 0.249762 0.184254  1.66445
0.929249 0.254681 0.167334  1.66991
0.933657 0.240616 0.183501  1.67916
0.928947 0.245773 0.181692    1.669
0.929453  0.25105 0.176355  1.67081
0.970719  0.15141 0.180637  1.74171
0.973846 0.117639 0.182943  1.74932
  0.95974 0.0889412  0.223641   1.73036
 0.962821 0.0866618  0.221611   1.73704
 0.962879 0.0736925  0.221458   1.73732
  0.96182 0.0831252   0.22279    1.7351
0.966856 0.087415 0.218068  1.74515
0.970275  0.09035 0.213605  1.75099
 0.970342 0.0764008  0.211896   1.75191
 0.968983 0.0847563  0.215012   1.74906
 0.969355 0.0540337  0.214414   1.75159
 0.970672 0.0568042  0.207805   1.75286
 0.978645 0.0325406  0.197561   1.77154
  0.96961 0.0473518  0.208821     1.751
 0.965332 0.0824146  0.219345   1.74232
 0.968393 0.0688314  0.212992   1.74814
  0.96495 0.0665904  0.219049   1.74171
0.965914 0.072266 0.217184  1.74335
 0.974486 0.0923576  0.202468   1.75676
 0.971567 0.0949528  0.207522   1.75117
0.972705 0.102649 0.194597  1.74952
 0.980727 0.0872876  0.184401   1.76727
 0.977129 0.0869562  0.191674   1.76027
 0.976902 0.0937089  0.197231   1.76075
 0.774098  0.112451 -0.425965   1.40801
 0.772521  0.118069 -0.429021   1.40717
0.774159 0.116317 -0.42614  1.40886
 0.766474  0.115199 -0.434259   1.39655
 0.766332  0.120473 -0.436672    1.3985
 0.767054  0.118301 -0.434203    1.3983
 0.771566  0.108691 -0.427995   1.40305
 0.767246  0.110662 -0.432258   1.39637
 0.767612  0.106259 -0.429892   1.39521
0.768616 0.108617 -0.43025  1.39792
 0.770857  0.117141 -0.431347   1.40469
 0.767311  0.113215 -0.432324   1.39696
0.771617  0.11184 -0.42818  1.40374
 0.770083  0.113533 -0.430395   1.40191
0.770588 0.142516 -0.43934  1.41328
 0.818864  0.231969 -0.424046   1.52645
 0.821855  0.232963 -0.421628   1.53192
 0.817375  0.232114 -0.420971   1.52178
 0.818821  0.232081 -0.422873   1.52576
 0.825289   0.23354 -0.418606   1.53793
 0.829333  0.233771 -0.415128   1.54498
 0.823907  0.234112 -0.414282   1.53301
 0.825528  0.233247 -0.416734   1.53738
 0.814754   0.23389 -0.414685   1.51367
 0.818415  0.235394 -0.410717   1.52013
0.821893 0.232855 -0.42003  1.53112
 0.821299  0.233928 -0.415377   1.52799
 0.817776  0.232619 -0.418879   1.52179
 0.820459  0.233296 -0.417967   1.52723
 0.816692  0.230525 -0.425579   1.52217
 0.814751  0.228592 -0.425241   1.51735
 0.815903   0.22816 -0.426047   1.52012
 0.815535  0.229088 -0.425922   1.51948
 0.812503  0.226386 -0.424279    1.5116
 0.809181  0.224733 -0.422746   1.50349
 0.812212  0.221892 -0.425764   1.51065
 0.811302  0.224269 -0.424581   1.50872
 0.816591  0.224369 -0.425102   1.52025
0.816169 0.219623 -0.42575   1.5186
 0.81927 0.216362 -0.42086  1.52233
 0.817641  0.221174 -0.424558   1.52157
 0.813836  0.226713 -0.425373   1.51501
 0.814053  0.222409 -0.426035    1.5148
 0.815597  0.226172 -0.425958   1.51894
  0.81467  0.225248 -0.425786   1.51665
0.971819 0.144721 0.178011  1.74372
    1.02223   0.0721593 -0.00721937     1.87072
  1.02552 0.0107524 0.0330482   1.87728
  1.00385 0.0524461 0.0331386   1.82061
  1.00888  0.039372 0.0156336   1.83423
   1.01452 -0.0142534  0.0966873    1.85202
    0.993415 -0.000925306     0.155557       1.8035
  0.994871 0.00930114   0.122768     1.8021
   0.998382 -0.00878417    0.123404     1.81262
 0.999448 0.0581871 0.0724427   1.80782
 0.996442 0.0399262  0.105063   1.80187
 0.995338 0.0699244 0.0990604    1.7964
 0.996147 0.0558044  0.091915    1.7994
  1.00738 -0.001241 0.0646592   1.83122
 0.997177 0.0215705  0.100007   1.80514
  1.00023 0.0426987 0.0596206   1.81082
  1.00241 0.0170743 0.0733537   1.81772
0.947147 0.160841 0.235762  1.70666
0.947821  0.16724  0.23126  1.70778
0.950318 0.159089 0.232418   1.7129
0.948048 0.162602 0.233357  1.70829
 0.94959 0.172418 0.224271  1.71052
0.954795 0.158236 0.226638  1.72133
0.950505 0.162366 0.228642  1.71245
0.949618 0.167199 0.228213  1.71101
0.958912 0.099713 0.224826  1.72872
0.959134 0.107664 0.227086  1.72981
0.960074 0.106995 0.225453  1.73155
0.959338  0.10449 0.225511   1.7299
0.958329 0.115274 0.230249  1.72872
0.956808  0.12326 0.233329  1.72605
0.957837 0.122411 0.230283  1.72755
0.957322 0.119715 0.231467  1.72666
0.961671  0.11447 0.225647  1.73496
0.960623 0.122462 0.227322  1.73299
0.962954 0.120365 0.223734  1.73679
0.961795 0.118971 0.225672  1.73509
0.958573 0.112045 0.228314  1.72876
0.959418 0.119999 0.228452  1.73074
0.960398 0.112051 0.226195  1.73243
0.959139 0.114665  0.22769   1.7299
 0.759975  0.152763 -0.450872   1.39968
 0.760131   0.15264 -0.450844   1.39997
 0.760387  0.152612 -0.450731   1.40044
 0.759712  0.152208 -0.451458   1.39936
 0.759676  0.152372 -0.451478   1.39933
 0.759751   0.15213 -0.451384   1.39938
 0.759634  0.152827 -0.451355   1.39926
 0.759689  0.152133 -0.451423   1.39927
 0.767297  0.150977 -0.441042   1.40897
 0.759626  0.152271 -0.451473    1.3992
 0.744636  0.130113 -0.450056   1.36176
 0.746094  0.128672 -0.449504   1.36423
  0.74273  0.129338 -0.449188   1.35703
 0.740576  0.129599 -0.448324   1.35203
 0.741669  0.127913 -0.448076   1.35389
  0.74194  0.128679 -0.448554   1.35486
 0.745298  0.125997 -0.448304   1.36134
 0.742839  0.126185 -0.447652    1.3558
 0.744127  0.124366 -0.447084   1.35787
0.744419 0.125207 -0.44772  1.35899
 0.743666  0.128789 -0.449205   1.35893
 0.743107  0.126987 -0.448204   1.35682
 0.745002  0.127106 -0.448786    1.3612
 0.743862  0.127638 -0.448765   1.35887
0.759648 0.152591 -0.45144  1.39929
 0.761209  0.151717 -0.450732   1.40199
 0.764102  0.150252 -0.447121   1.40557
0.765414 0.148757 -0.44663  1.40775
 0.767621  0.146162 -0.443569   1.41011
 0.764074  0.120541 -0.438821   1.39487
 0.760025  0.117146 -0.439263   1.38589
 0.763835  0.115317 -0.436035   1.39191
 0.762633  0.117015 -0.437783   1.39061
 0.757582  0.114945 -0.440238   1.38085
 0.753419  0.114365 -0.440634   1.37214
  0.75638  0.112193 -0.438188   1.37669
 0.756439  0.113218 -0.439803   1.37789
0.764479  0.11083 -0.43415  1.39151
 0.759624  0.109966 -0.435184   1.38158
 0.763429  0.107519 -0.431601   1.38736
 0.763404  0.108753 -0.433784   1.38869
 0.759548  0.114771 -0.438953   1.38429
 0.759649  0.111084 -0.437073   1.38285
 0.763329  0.112725 -0.435836   1.39028
 0.760767  0.113023 -0.437443   1.38576
 0.759446  0.152364 -0.451507   1.39886
 0.762533  0.150112 -0.450295   1.40415
 0.771673  0.142047 -0.435307   1.41325
 0.773056  0.121965 -0.429192    1.4091
 0.772292  0.129014 -0.432889   1.41073
  0.76678  0.123368 -0.436335   1.39982
 0.772163  0.124449 -0.432575   1.40945
0.761795 0.127793 -0.44305  1.39378
0.776519 0.131066 -0.42905  1.41812
 0.777781  0.123279 -0.424939   1.41724
  0.78265  0.131696 -0.420532     1.427
0.777844 0.128372 -0.42457   1.4181
 0.765268  0.144318 -0.445441   1.40582
 0.759725  0.153161 -0.450903   1.39926
 0.759733  0.153219 -0.450939   1.39931
 0.761412  0.152942 -0.450176   1.40232
 0.760496  0.152994 -0.450659    1.4007
 0.763413  0.152472 -0.447264   1.40466
 0.762194  0.153521 -0.448838   1.40325
 0.760946  0.152056 -0.450641   1.40146
 0.738382  0.149668 -0.455404   1.35568
 0.759581  0.152481 -0.451467   1.39914
 0.767252  0.153575 -0.441212   1.40955
 0.760589  0.152264 -0.450697   1.40078
0.763216 0.152261 -0.44843  1.40491
 0.760309  0.152375 -0.450773   1.40026
 0.762921  0.167952 -0.447835   1.40756
 0.760073   0.15244 -0.450877   1.39983
 0.759489   0.15278 -0.451441   1.39899
 0.760034   0.15242 -0.450967   1.39979
 0.760786   0.15203 -0.450741   1.40118
 0.759868  0.152091 -0.451154   1.39949
0.759784 0.152154 -0.45127  1.39939
 0.759675  0.152007 -0.451349   1.39918
 0.759805  0.152278 -0.451138   1.39938
0.759924 0.152263 -0.45103  1.39957
 0.759872  0.152339 -0.451075    1.3995
 0.788451  0.139518 -0.411493   1.43665
0.794025 0.139311 -0.40439  1.44545
 0.790652  0.151599 -0.409183   1.44291
 0.789679  0.142993 -0.407235   1.43798
 0.802973  0.140459 -0.398812   1.46308
 0.819915  0.150398 -0.397172   1.50223
 0.805044  0.169569 -0.411701   1.47967
 0.808165  0.155443 -0.401628     1.479
0.790616 0.166404 -0.41473  1.44888
 0.796308  0.176643 -0.420644   1.46639
  0.79079  0.180515 -0.427291   1.45861
 0.794002  0.175759 -0.420846   1.46135
 0.796231   0.14559 -0.402044   1.45058
0.800666 0.169243 -0.41287   1.4706
 0.792627  0.158689 -0.409528     1.449
 0.796755  0.157296 -0.406607    1.4564
 0.785297  0.145322 -0.414498   1.43243
0.787193 0.152165 -0.41298   1.4373
 0.788042   0.16796 -0.418869   1.44568
 0.787421  0.175899 -0.425468   1.44946
 0.782311  0.158655 -0.421683   1.43257
0.785185 0.160405  -0.4173  1.43696
0.737645 0.141354 -0.45159  1.35004
 0.738609   0.13985 -0.451304   1.35158
  0.73572  0.141171 -0.449651   1.34473
 0.733584  0.141714 -0.448142   1.33944
0.734509 0.140144 -0.44838  1.34122
 0.734843   0.14076 -0.448623   1.34217
 0.737363  0.137984 -0.449869   1.34772
 0.735392  0.138631 -0.448563   1.34291
 0.736202  0.137163 -0.448708   1.34442
 0.736551  0.137714 -0.448937   1.34538
 0.736583  0.140453 -0.450071   1.34667
 0.735724  0.139209 -0.448792   1.34383
0.737485 0.138775 -0.45021  1.34833
 0.736514  0.139509 -0.449719   1.34612
 0.733525  0.156699 -0.449285   1.34302
 0.733729  0.160552 -0.447386   1.34304
0.731403 0.156768  -0.4457  1.33631
 0.731407   0.15886 -0.444437   1.33596
 0.729618  0.157596 -0.443007   1.33108
  0.73067  0.157657 -0.444416   1.33415
 0.732634  0.159062 -0.446853   1.34009
 0.732593  0.157651 -0.447197   1.33993
 0.765779  0.158401 -0.441306   1.40761
 0.769937  0.148827 -0.439313   1.41317
 0.761775  0.151135 -0.450642     1.403
0.748668 0.130594 -0.45057  1.37073
 0.751922  0.128043 -0.449096   1.37626
 0.759506  0.153039 -0.451345   1.39903
  0.76354  0.148412 -0.449476   1.40541
 0.759564  0.153229 -0.451217   1.39911
  0.76767  0.155862 -0.439473   1.40999
0.762317 0.152914 -0.44888  1.40342
 0.759656  0.153313 -0.451077   1.39924
 0.761543  0.153138 -0.449818   1.40241
 0.760989  0.153201 -0.450321   1.40157
  0.76053  0.153609 -0.450547   1.40082
 0.759483  0.153174 -0.451308   1.39898
 0.760879  0.153007 -0.450488   1.40141
  0.75987  0.153223 -0.450901   1.39957
 0.760214  0.152962 -0.450776   1.40017
 0.761412  0.153549 -0.449827   1.40222
 0.760053  0.153053 -0.450825   1.39988
0.760246 0.153458 -0.45076  1.40032
0.759827 0.153103 -0.45089  1.39945
 0.759985  0.153191 -0.450873   1.39979
 0.942063  0.209949 0.0974733    1.6905
0.957198 0.223199 0.059211  1.72878
  0.95738  0.217236 0.0814685   1.72746
 0.954546  0.219996 0.0808936   1.72219
 0.984723  0.204726 0.0101552   1.79239
    1.0084   0.151019 -0.0135136    1.84336
 0.981057  0.190086 0.0193911   1.77844
  0.981756   0.188112 0.00179037     1.7814
0.967336 0.213521 0.071779  1.74826
 0.976432  0.202815 0.0514081   1.76737
 0.971099  0.204898 0.0709327   1.75302
  0.97124  0.208883 0.0636807   1.75552
 0.966947  0.219914 0.0384614   1.75135
 0.973688  0.204555 0.0394955   1.76254
 0.964799  0.217232 0.0677107   1.74433
 0.968056  0.215136 0.0473758   1.75198
0.907342  0.31412 0.071896    1.629
0.916055 0.300207 0.103281  1.64616
 0.903206  0.318078 0.0884291   1.62078
0.907794 0.309171 0.104759  1.62942
0.901036 0.315745 0.103122  1.61561
 0.903069  0.314858 0.0992059   1.61983
 0.907855  0.307414 0.0977402   1.62863
 0.908036   0.31323 0.0868108   1.63061
 0.849064  0.359969 -0.083355   1.52041
 0.853235  0.353709 -0.106126   1.53172
  0.863541   0.353793 -0.0775734    1.55078
 0.853375  0.356841 -0.089533   1.53012
 0.860081  0.338988 -0.127043   1.54737
  0.881985   0.341635 -0.0744138    1.58989
  0.864499   0.347277 -0.0889203    1.55272
 0.860257  0.347921 -0.106153    1.5463
  0.892803   0.319505 -0.0738199    1.60828
 0.974611  0.162596 0.0418131   1.75391
 0.973193  0.165781 0.0453609   1.75098
 0.973749  0.165612 0.0364017    1.7523
 0.973904  0.164576 0.0410985    1.7525
0.97231 0.17079 0.03185  1.7499
 0.970713  0.169095 0.0377219   1.74549
0.972597 0.169797 0.045429  1.75025
 0.969077  0.167031 -0.110008   1.75581
  0.974399    0.16831 -0.0891499    1.76577
 0.977683  0.167196 0.0242991   1.76264
 0.976955  0.167488 0.0275841   1.76078
  0.97724  0.163378 0.0224321   1.76085
 0.978211  0.161602 0.0194877   1.76301
 0.977602  0.161283 0.0261946   1.76126
 0.977658  0.161821 0.0228097   1.76158
 0.975442  0.163649 0.0337054   1.75618
 0.976664  0.161239 0.0321399   1.75881
 0.975534  0.161834 0.0385643   1.75606
 0.975723  0.161903 0.0349241   1.75656
 0.976811  0.163853 0.0254511   1.75982
 0.976895  0.161457 0.0289653   1.75948
 0.975309  0.164045 0.0304158   1.75601
 0.976633  0.162828 0.0281562    1.7591
 0.978077  0.161778 0.0153685   1.76283
  0.97692  0.164595 0.0185905    1.7604
  0.977063   0.163996 0.00972664    1.76095
 0.977405  0.163425 0.0145742    1.7615
   0.97499   0.167635 0.00474416    1.75702
 0.974148  0.167022 0.0107674   1.75437
 0.976167   0.16789 0.0184722    1.7592
 0.980798  0.158769 -0.012506   1.77048
   0.979463    0.161629 -0.00941209      1.7675
  0.979961   0.160373 -0.0167354    1.76904
  0.980099   0.160015 -0.0129919    1.76902
  0.979284   0.166401 -0.0193992    1.76893
  0.976804   0.163453 -0.0149228    1.76177
   0.977991     0.16435 -0.00893628     1.76439
 0.968435  0.189473 0.0666987     1.743
  0.981675   0.163752 -0.0277833    1.77491
  0.982639   0.163617 -0.0230068    1.77695
  0.982257   0.159032 -0.0319006    1.77573
  0.983825   0.156536 -0.0356316    1.77949
  0.983674   0.157203 -0.0284115    1.77861
   0.98288   0.157418 -0.0320087    1.77696
  0.981109   0.158923 -0.0190934    1.77183
  0.982923   0.157034 -0.0217829    1.77618
  0.981795   0.157796 -0.0155213    1.77302
  0.981697   0.157556 -0.0188446      1.773
  0.981795    0.16031 -0.0279094    1.77452
  0.982612   0.157424 -0.0249113    1.77573
  0.981224   0.160079 -0.0215151    1.77261
  0.982231    0.15901 -0.0247359    1.77511
  0.983125   0.155954 -0.0392427    1.77799
  0.981516   0.159412 -0.0356124    1.77429
  0.981993   0.157369 -0.0427098    1.77587
  0.982263   0.157302 -0.0393939    1.77613
   0.98019   0.162356 -0.0445557    1.77288
  0.978429   0.160788 -0.0404206    1.76757
 0.979503  0.162725 -0.034571   1.76989
   0.98473   0.150209 -0.0683524     1.7843
  0.982883   0.153693 -0.0632451    1.77971
  0.983381   0.152907 -0.0696146    1.78174
  0.983657   0.151867 -0.0672578    1.78184
  0.982206   0.159918 -0.0680671    1.78018
  0.980655   0.156693 -0.0651687    1.77524
  0.980353   0.157119 -0.0609244    1.77387
 0.971189  0.183067 0.0413664   1.74901
   0.97795   0.156747 -0.0858468    1.77138
  0.981175    0.15823 -0.0767377    1.77834
  0.982888   0.148678 -0.0954181    1.78347
 0.987125  0.144678 -0.101835   1.79427
  0.987131   0.146109 -0.0914359    1.79289
  0.984958    0.14573 -0.0967299    1.78821
  0.982997   0.151446 -0.0750672    1.78121
  0.986763   0.147582 -0.0815823    1.79076
 0.986187  0.149145 -0.072777   1.78835
  0.984896   0.148701 -0.0767068     1.7856
  0.982343   0.150958 -0.0897761    1.78167
  0.985049   0.147216 -0.0862318     1.7871
  0.982732    0.15294 -0.0786356    1.78138
  0.983393   0.150099 -0.0849779    1.78337
  0.967643   0.203841 0.00986903    1.74526
 0.975596  0.162556 -0.154179    1.7794
 0.966614  0.167654 -0.180046   1.76386
 0.974279  0.154209 -0.171378    1.7776
 0.970135  0.156462 -0.184223   1.77066
 0.974441   0.14825 -0.184456   1.77953
  0.97264  0.152793 -0.180676   1.77523
 0.967103  0.162094 -0.177575   1.76303
 0.972079  0.161348 -0.166778   1.77281
 0.965065  0.206003 0.0707753   1.73653
 0.961139  0.157691 -0.226174    1.7591
 0.960073  0.159989 -0.216483   1.75454
 0.958526  0.166443 -0.222224    1.7539
 0.959796  0.160847 -0.221713   1.75547
0.955624 0.180257   -0.215  1.74871
 0.956043   0.17159 -0.213146   1.74692
 0.954312   0.16682 -0.208227   1.73998
  0.979542   0.167215 -0.0450225     1.7724
 0.818878  0.343529 -0.185244   1.46721
 0.823672  0.335734 -0.203529   1.48063
0.832319 0.341517 -0.18068  1.49602
  0.82333  0.340769 -0.190537   1.47778
 0.831085   0.32235 -0.219116   1.49851
0.848744  0.33403 -0.17891  1.53152
0.834391 0.335138 -0.19029   1.5015
 0.830261  0.332346 -0.203325   1.49484
  0.903345   0.316881 -0.0289105    1.62612
 0.801559  0.299332 -0.291358   1.44957
 0.819569  0.311302 -0.261548   1.48268
 0.795736  0.308877 -0.279441   1.43429
 0.804235  0.315386 -0.262062   1.44891
 0.791983  0.315764 -0.264921    1.4226
0.795855 0.313346 -0.26964  1.43217
 0.806575  0.310003 -0.270428    1.4558
 0.800855  0.307243 -0.280144   1.44581
 0.969257  0.177478 -0.118341   1.76024
 0.938641  0.221571 -0.156956   1.70384
 0.924016  0.187302 -0.302942   1.70028
 0.924027  0.189431 -0.292868   1.69754
 0.921135  0.195723 -0.298117   1.69434
 0.922805  0.190376 -0.298098   1.69668
 0.917412  0.209443 -0.289342   1.68704
 0.918612  0.200623 -0.288321   1.68663
  0.91761  0.196404 -0.283333   1.68102
 0.769128  0.284807 -0.322582   1.38546
 0.773373  0.279167 -0.332617    1.3976
 0.779358  0.286636 -0.320694   1.40773
 0.772656  0.283356 -0.326009   1.39427
 0.779322   0.27249 -0.340633   1.41283
 0.791779  0.286198 -0.320109   1.43536
 0.781725  0.283091 -0.326163   1.41456
 0.778113  0.279188 -0.332933   1.40844
 0.934446  0.205025 -0.209428   1.70237
 0.876893  0.226013 -0.341498   1.61608
 0.885095  0.225613 -0.332496   1.63138
 0.877323  0.220915 -0.356439   1.62127
 0.878295  0.219094 -0.365613   1.62665
 0.884827  0.215738 -0.358159   1.63748
 0.879501  0.217237 -0.361226   1.62702
 0.891409  0.212986 -0.339422   1.64448
0.891293 0.211346 -0.35032  1.64789
 0.897814  0.206478 -0.342812    1.6586
0.893564  0.20878 -0.34526  1.65043
 0.880987   0.22066 -0.350449   1.62727
 0.886621  0.213624 -0.353257   1.63901
  0.88969  0.217745 -0.341278   1.64281
 0.884922    0.2179 -0.348611    1.6346
 0.753822  0.254515 -0.361103   1.36108
 0.758295  0.250218 -0.368666   1.37334
 0.762217  0.257244 -0.360471   1.37978
 0.757087  0.253766 -0.363974   1.36936
 0.764199  0.245898 -0.375079   1.38854
 0.772559  0.258987 -0.360771   1.40337
 0.764682  0.255248 -0.364713   1.38691
0.762621 0.251217 -0.36927  1.38352
0.784762 0.312886 -0.27185  1.40828
 0.778298  0.305572 -0.287724   1.39777
 0.788857  0.306761 -0.285499   1.42059
0.785158 0.308796 -0.28163  1.41151
0.772475 0.297667 -0.30192  1.38817
 0.767322  0.289321 -0.314817   1.37967
 0.777458  0.291375 -0.312579   1.40154
 0.773831   0.29309 -0.309728   1.39286
 0.791039  0.297545 -0.298595   1.42822
0.788477 0.293168  -0.3067   1.4244
  0.77921  0.301227 -0.296473   1.40181
 0.783663  0.294496 -0.306953   1.41392
 0.789668  0.302423 -0.293946   1.42445
 0.782968  0.299461 -0.299866   1.41095
 0.852833  0.233607 -0.373453   1.57741
 0.858268  0.233399 -0.367658   1.58708
 0.853375  0.229897 -0.384318   1.58204
 0.854469  0.228692 -0.391262   1.58719
 0.860089  0.226752 -0.385475    1.5965
 0.855212  0.227481 -0.387972   1.58695
 0.864564  0.226215 -0.371763   1.60041
 0.865848  0.224564 -0.379399   1.60605
 0.871995  0.222227 -0.372825   1.61635
 0.866637  0.223213 -0.375758   1.60581
 0.855869  0.229858 -0.380013   1.58577
 0.860895  0.225494 -0.382029   1.59637
 0.861458  0.228375 -0.373815   1.59509
0.859349 0.228011 -0.37855  1.59224
 0.820482  0.235543 -0.406812    1.5229
 0.825344  0.234545 -0.411611   1.53499
0.829846 0.233271 -0.41292  1.54481
  0.83028  0.234942 -0.407348    1.5437
 0.828604  0.234475 -0.410617   1.54145
 0.830387  0.237634 -0.398834   1.54113
 0.823463   0.23615 -0.407874   1.52972
0.828591  0.23733 -0.40355  1.53919
 0.871397  0.242677 -0.316134   1.59955
  0.81249  0.227885 -0.422993   1.51133
 0.809329  0.226965 -0.420509   1.50332
 0.810667  0.228539 -0.420771   1.50655
 0.814691  0.229523 -0.424287   1.51699
 0.816698  0.230937 -0.424903   1.52192
 0.815437  0.231365 -0.422076   1.51795
 0.815906  0.230546 -0.423831   1.51961
 0.812501  0.232053 -0.415753   1.50899
 0.813809   0.22948 -0.423109   1.51457
 0.813213  0.230651 -0.418558    1.5115
 0.814752  0.230468 -0.421531   1.51611
 0.762929  0.281377 -0.327139   1.37301
  0.75854  0.273792 -0.337806   1.36602
 0.767872  0.276261 -0.336831   1.38657
 0.764361  0.277268 -0.333908   1.37783
 0.754778  0.266143 -0.347195   1.35996
 0.751653  0.258552 -0.355692   1.35505
 0.760284  0.261304 -0.354959   1.37411
 0.756851  0.262012 -0.352561   1.36567
 0.770963  0.269594 -0.345658   1.39583
 0.769573  0.265038 -0.351148   1.39393
 0.760334  0.269667 -0.343822   1.37136
 0.765072  0.264688 -0.351244   1.38377
0.769124 0.272334  -0.3425   1.3908
0.763817 0.268829 -0.34651  1.37998
0.970388 0.152342  0.18178  1.74113
0.970404 0.152291 0.181727  1.74115
0.970445 0.152097 0.181662  1.74123
0.970288 0.152803 0.181925  1.74098
 0.97026 0.152861 0.182036  1.74094
0.970318 0.152719 0.181817  1.74102
0.970233 0.152859 0.182183   1.7409
0.970312 0.152792 0.181847  1.74102
0.970277 0.152866 0.181965  1.74097
0.970844  0.14993 0.181147  1.74199
 0.97024 0.152881 0.182128  1.74091
0.971109 0.148396 0.180648  1.74249
0.971518 0.145966 0.179776  1.74328
0.931134 0.223399  0.20851   1.6738
 0.92925 0.230619 0.203296  1.66998
0.931979 0.227822 0.202808  1.67563
0.930973 0.227488  0.20513  1.67368
0.927308 0.237814 0.197637  1.66604
0.925149   0.2452 0.191194  1.66162
0.928144 0.241775  0.19104  1.66776
0.927124 0.241829 0.193619  1.66587
0.932119 0.231226  0.19425  1.67498
0.932628 0.235735 0.190176  1.67664
0.929102 0.234652 0.199704  1.66991
0.930313 0.238134 0.192618  1.67225
0.932417 0.231269  0.19894  1.67673
0.930218 0.234872 0.197445  1.67213
0.972676 0.140085 0.175273   1.7453
0.970352 0.142164 0.186983  1.74203
0.974033 0.132539 0.170755  1.74784
0.970928  0.15072 0.179899  1.74207
0.975168 0.125275 0.171653   1.7506
0.970383 0.148625 0.184172  1.74149
 0.98171  0.10538 0.151224  1.76395
0.992953 0.082492 0.118321  1.79023
 0.987081 0.0898944  0.137121   1.77621
 0.992506 0.0795155  0.132347   1.78985
  0.98383 0.0845131   0.15725   1.77052
 0.981491 0.0853878  0.167103   1.76601
 0.986673 0.0932453  0.149121   1.77616
0.971746 0.147994 0.176705  1.74352
0.936087 0.226736 0.195019  1.68343
0.940218 0.213805  0.20567  1.69233
0.933922  0.22464  0.20385  1.67968
0.935965   0.2173 0.209167  1.68394
0.932764 0.220282 0.210195  1.67731
0.933824 0.220876 0.208045  1.67946
0.936134 0.218314 0.205069  1.68357
 0.93619 0.222977 0.201728  1.68418
 0.980815 0.0942261   0.17293   1.76492
0.980273 0.111695 0.163302  1.76192
0.976201  0.10728 0.170228  1.75303
0.970321 0.152539  0.18196  1.74102
0.970292 0.152555 0.182042  1.74097
0.970547 0.150825 0.181915  1.74144
0.970424 0.151896   0.1819   1.7412
0.970895 0.147006 0.182497  1.74229
0.970403 0.149278  0.18329  1.74133
0.970652 0.151521 0.181029   1.7416
0.970184 0.152972 0.182309  1.74084
0.970246 0.152901 0.182078  1.74092
0.970452 0.138704 0.186128    1.742
0.970537 0.151921 0.181339  1.74139
0.970816 0.148188 0.181835  1.74199
0.970462 0.152177 0.181532  1.74126
0.966489 0.147238 0.200109  1.73743
0.970414 0.152343 0.181648  1.74117
0.970221 0.152933 0.182184  1.74089
0.970406 0.152416 0.181662  1.74116
0.970581 0.151852 0.181093  1.74146
 0.97037 0.152603 0.181633   1.7411
0.970345 0.152625 0.181735  1.74105
0.970332 0.152833 0.181702  1.74106
0.970364 0.152541 0.181693  1.74108
0.970382 0.152483 0.181641  1.74111
0.970386 0.152504 0.181678  1.74112
0.938915 0.204186 0.213397  1.68878
0.939107 0.208511 0.210693  1.68965
0.938843 0.199555 0.220828  1.68959
 0.93831 0.194488 0.225608  1.68855
0.936472 0.201839 0.222047  1.68478
0.937939 0.198731 0.223176  1.68791
0.935318 0.213368 0.212633  1.68228
0.934632 0.209002 0.218019  1.68097
0.932785 0.216109 0.213397   1.6771
0.934421 0.212973 0.215029  1.68065
0.939168 0.203273 0.217904  1.69042
0.936172 0.205953   0.2194   1.6843
0.937214 0.210081 0.213456  1.68621
0.937198  0.20659 0.217207   1.6863
0.955693 0.127963 0.234211  1.72375
0.956319 0.135909 0.231943  1.72481
0.957943 0.127278 0.230671  1.72794
0.956446 0.130405 0.232484  1.72509
0.957543 0.141965 0.226101  1.72564
0.963979  0.12689 0.224249  1.73928
0.960295 0.128221 0.226719  1.73186
0.958168 0.130738 0.228567  1.72762
 0.95885 0.136288 0.229057   1.7297
0.954762 0.131647 0.235846  1.72216
0.952384 0.139941 0.237343  1.71738
0.954242 0.138583 0.233907   1.7206
 0.95363 0.136292 0.236227  1.71977
0.949945 0.148049 0.237603  1.71233
0.947697 0.156186 0.236889  1.70768
0.949845 0.154143  0.23386  1.71157
0.949199  0.15249 0.236737  1.71077
0.953287 0.145739 0.228763  1.71682
0.953494 0.150858 0.228381  1.71794
0.951391 0.144406 0.237072  1.71527
0.952054 0.150656 0.232671  1.71601
0.954219 0.142841 0.233215   1.7205
 0.95223 0.146128 0.234538  1.71656
0.971679 0.134864 0.179879  1.74356
0.939455 0.230538  0.18098  1.68969
0.971297 0.141545 0.181134  1.74293
 0.97022 0.152846 0.182251  1.74089
0.971347 0.129672 0.187372  1.74439
0.970235 0.152725 0.182256   1.7409
0.971697 0.149472 0.175714  1.74343
0.970718 0.149068 0.182353  1.74188
0.970262  0.15259 0.182195  1.74094
 0.97059 0.150366 0.182215  1.74158
0.970502 0.151189 0.182105  1.74139
0.970357 0.151606 0.182497  1.74115
0.970205  0.15279 0.182295  1.74085
0.970473 0.151478 0.181909   1.7413
0.970328   0.1524 0.182025  1.74104
0.970391 0.152165 0.181888  1.74114
0.970384 0.150504 0.182808  1.74122
 0.97037 0.152272 0.181929  1.74111
0.970351 0.151978 0.182273  1.74111
0.970311 0.152454  0.18194  1.74098
0.970335 0.152304 0.182032  1.74105
 0.758964  0.119047 -0.440957   1.38492
 0.760139  0.121972 -0.441489   1.38827
 0.753943  0.122282 -0.444923    1.3771
 0.756548  0.116527 -0.441434   1.37959
 0.753885  0.118414 -0.443436    1.3754
 0.753547  0.115407 -0.442057   1.37338
 0.754499  0.116807 -0.442422   1.37585
 0.754806  0.120742 -0.443542   1.37784
 0.757603  0.119192 -0.442021   1.38262
 0.768337    0.1362 -0.441867   1.40865
 0.750041  0.125203 -0.447892   1.37105
 0.746895  0.128198 -0.449422   1.36583
 0.748008  0.123637 -0.447316   1.36608
 0.746352  0.125467 -0.448059   1.36334
 0.745838  0.123369 -0.447038   1.36127
 0.746631  0.124156 -0.447508   1.36337
 0.747099  0.126746 -0.448559   1.36547
 0.748918  0.125215 -0.447855   1.36862
 0.763889  0.147531 -0.447924   1.40503
 0.767893   0.12776 -0.439529   1.40476
 0.769279  0.129974 -0.436856   1.40665
 0.740693  0.136058 -0.450418   1.35469
 0.741384  0.134699 -0.450617   1.35603
 0.738714   0.13527 -0.449459    1.3498
 0.736948  0.135728 -0.448675   1.34571
0.737829 0.134242 -0.44856  1.34721
 0.738093  0.134919 -0.448866   1.34806
 0.740525   0.13247 -0.449507   1.35313
 0.738748  0.132718 -0.448548   1.34886
 0.739611  0.131198 -0.448506   1.35038
  0.73985  0.131918 -0.448866   1.35122
 0.739556  0.134762 -0.449591   1.35155
0.738993 0.133406 -0.44884  1.34966
 0.740374  0.133402 -0.449791   1.35316
 0.739606  0.133832 -0.449397   1.35137
 0.737283  0.136328 -0.448956   1.34668
 0.738721  0.136073 -0.449766   1.35016
 0.738169  0.137274 -0.450077   1.34941
 0.737954  0.136526 -0.449721    1.3486
 0.739495  0.138748 -0.452164   1.35382
 0.739114  0.137759 -0.451383   1.35233
 0.739763  0.137141 -0.450772   1.35318
 0.775755   0.15817 -0.432512   1.42405
 0.737623  0.142495 -0.452303   1.35068
 0.736138  0.145657 -0.451995   1.34798
0.735724  0.14206 -0.44998  1.34511
 0.734882  0.143718 -0.449687   1.34348
 0.733951  0.142378 -0.448378   1.34046
 0.734759  0.142705 -0.449363   1.34283
 0.735817  0.144382 -0.451246   1.34657
0.736642 0.143065 -0.45108  1.34793
 0.784084   0.18141 -0.432108   1.44682
 0.779513  0.168503 -0.428778   1.43247
 0.783251  0.179318 -0.435139   1.44624
 0.734846  0.149199 -0.451579   1.34571
   0.7341  0.152659 -0.450608   1.34423
 0.732827   0.14893 -0.448734    1.3396
 0.732349    0.1508 -0.448032   1.33853
 0.731018  0.149443 -0.446659   1.33463
 0.731952  0.149675 -0.447838   1.33736
 0.733424  0.151269 -0.449959   1.34211
 0.73388 0.149916 -0.45001  1.34282
 0.790725  0.191108 -0.441684   1.46781
 0.792197  0.194547 -0.446062   1.47364
 0.794435  0.199622 -0.447059   1.47937
  0.79439  0.201552 -0.444977    1.4784
 0.786311  0.195961 -0.450676   1.46375
  0.79081   0.19791 -0.448612   1.47244
 0.733912   0.16517 -0.444873   1.34284
 0.735078  0.169466 -0.441916   1.34435
 0.731671  0.165585 -0.440457   1.33545
 0.732141  0.167884 -0.438593   1.33577
0.729915 0.166724  -0.4371  1.32996
 0.731079  0.166618 -0.438752   1.33337
 0.733526  0.167846 -0.441519   1.34049
 0.732997  0.166367 -0.442184   1.33948
 0.771565  0.159126 -0.435791   1.41705
 0.734265  0.173288 -0.437974   1.34106
0.733956   0.1715 -0.43867  1.34044
 0.732184  0.174359 -0.433313   1.33404
 0.729832  0.175888 -0.429691   1.32731
0.729539 0.173225 -0.43184   1.3274
0.730792 0.174332  -0.4314  1.32997
 0.731459  0.169263 -0.436973   1.33365
  0.72923  0.170656 -0.433794   1.32738
 0.729015  0.168162 -0.435634   1.32752
 0.730156  0.169217 -0.435255   1.32987
 0.732779  0.173042 -0.435033   1.33605
 0.730448   0.17174 -0.433404    1.3299
 0.732366  0.170567 -0.436829   1.33574
 0.731737  0.171707 -0.435179   1.33366
 0.737774  0.147275 -0.454345   1.35325
 0.739404  0.144678 -0.453955   1.35588
 0.731695  0.188974 -0.419791   1.32835
 0.731031  0.185431 -0.422578   1.32777
 0.734659  0.186827 -0.424095   1.33656
0.732859 0.186928 -0.42194  1.33154
 0.730527  0.182097 -0.425078   1.32742
 0.730065  0.178872 -0.427392    1.3271
 0.733261  0.180236 -0.428784   1.33489
 0.731647   0.18026 -0.426882   1.33038
 0.737053  0.185024 -0.429206   1.34428
 0.736527  0.182841 -0.430235   1.34327
 0.732191  0.183505 -0.424517   1.33086
 0.734569  0.181871 -0.428422    1.3378
 0.735376  0.185102 -0.426124   1.33887
 0.733831  0.183385 -0.426519   1.33546
 0.737669  0.164423 -0.451293   1.35462
0.802615 0.224628  -0.4182  1.48736
0.791485 0.223886 -0.41328  1.46107
 0.794916  0.228598 -0.411531   1.46858
 0.740093  0.173327 -0.446045   1.35834
 0.745009  0.193116 -0.428278   1.36256
 0.742154  0.189013 -0.431003   1.35717
 0.742154  0.200316 -0.417539   1.35191
 0.741487   0.19757 -0.419021   1.35065
 0.739292  0.202857 -0.411854   1.34309
 0.735557  0.205524 -0.406549    1.3329
 0.734449  0.201224 -0.410277   1.33162
 0.736908  0.203037 -0.409284   1.33663
 0.736829  0.194456 -0.418071   1.33941
 0.733318  0.196996 -0.413607   1.33011
 0.732494  0.192886 -0.416709   1.32917
 0.734695  0.194639 -0.415881    1.3337
 0.740121  0.200713 -0.414256    1.3457
 0.735715  0.198825 -0.412747   1.33506
 0.738806  0.196511 -0.417304   1.34365
  0.73792  0.198558 -0.415073   1.34098
 0.752752  0.198341 -0.426624   1.37927
 0.748918  0.219113 -0.401573   1.36216
 0.748191  0.215773 -0.403877   1.36095
 0.745471  0.222315 -0.395099   1.35188
 0.740614  0.225471 -0.388792   1.33902
 0.739302  0.220089 -0.393784    1.3375
0.742547 0.222383 -0.39235  1.34415
 0.742283    0.2121 -0.403736   1.34719
 0.738014  0.215056 -0.398274   1.33591
 0.736748  0.210189 -0.402444    1.3343
 0.739612  0.212284 -0.401217   1.34015
 0.746672  0.219656 -0.398242   1.35548
 0.741027  0.217209 -0.396995   1.34209
  0.74485  0.214523 -0.402446   1.35258
 0.743751  0.217023 -0.399652   1.34932
 0.821194  0.255776 -0.354847    1.5071
 0.779621  0.238149 -0.390658   1.42818
 0.849019  0.245955 -0.353361   1.56498
 0.804687  0.242806 -0.385603   1.48114
0.893673 0.233722 -0.28327  1.63637
 0.812525  0.265008 -0.343557   1.48624
 0.817769  0.322688 -0.229524   1.47129
 0.815241  0.318574 -0.241458   1.46808
 0.815927  0.334789 -0.211658   1.46507
 0.811192   0.34146 -0.194158   1.45162
 0.804274   0.33517 -0.215316   1.44008
 0.811743  0.337636 -0.207081   1.45522
 0.802206  0.320391 -0.249906   1.44168
 0.797488  0.328059 -0.235001    1.4287
 0.790881  0.320228 -0.253675   1.41768
  0.79831   0.32342 -0.246082   1.43263
 0.81707 0.330179 -0.22315  1.46978
 0.804962  0.330968 -0.227247   1.44386
 0.809783  0.322444 -0.241819   1.45674
 0.809227  0.328301 -0.231455   1.45392
  0.91527  0.220104 -0.247109   1.67148
    0.8406   0.360601 -0.0945422     1.5031
 0.831914  0.358373 -0.121514   1.48743
 0.844578  0.355418 -0.116206   1.51423
 0.840361  0.359114 -0.110866   1.50493
 0.824244  0.353735 -0.146842   1.47365
 0.817308  0.347427 -0.170835   1.46136
 0.829606  0.345933 -0.165441   1.48742
  0.82535  0.349758 -0.161125   1.47801
 0.845612  0.342605 -0.139222   1.51739
 0.843846  0.339956 -0.154554   1.51589
 0.832509  0.355542 -0.136876    1.4909
 0.837677  0.346316 -0.155291    1.5037
 0.845827  0.351914 -0.131016   1.51906
 0.837066  0.352199 -0.141613   1.50115
 0.953273  0.190408 -0.170889   1.73485
 0.871174  0.352574 0.0140032   1.55871
  0.863787   0.357129 -0.0118616     1.5449
    0.87554    0.351255 -0.00569221     1.56948
   0.871712    0.354677 -0.00118025     1.56159
  0.856246   0.359495 -0.0383688    1.53082
  0.848442   0.360346 -0.0661618     1.5166
  0.860973   0.354674 -0.0598117    1.54247
  0.856993   0.359139 -0.0544772    1.53428
  0.876163   0.341188 -0.0279862    1.56949
  0.878014   0.341659 -0.0472861    1.57634
  0.864495    0.35788 -0.0272743    1.54814
  0.870115   0.350762 -0.0479944    1.56086
     0.877    0.35037 -0.0200357    1.57389
  0.868891   0.354135 -0.0316635    1.55736
  0.973657   0.173511 -0.0310602    1.75772
 0.896832  0.320342 0.0970551   1.60699
 0.891292   0.32969 0.0801359   1.59662
  0.89834  0.323462 0.0830447   1.61099
0.896203 0.325112 0.087185  1.60675
 0.885074  0.338395 0.0608449   1.58488
 0.878225  0.346012 0.0386877   1.57184
 0.887596   0.33913 0.0441452   1.59105
0.884847 0.342037 0.048369  1.58569
 0.898539  0.321581 0.0652157   1.61058
 0.899887  0.326397 0.0515334   1.61554
  0.89082  0.334078 0.0690878   1.59684
 0.893879  0.333313 0.0522454   1.60363
 0.899082  0.326215 0.0726351   1.61353
 0.893451   0.33199 0.0650698   1.60216
   0.9727  0.190809 0.0752642   1.75157
0.982294 0.176049 0.077332  1.77195
0.913743 0.289892 0.124137  1.63862
0.914462 0.295198 0.115595   1.6414
0.913672 0.288874 0.138325  1.63944
0.912217 0.285166 0.148514  1.63603
0.908926 0.293547  0.13747  1.62965
0.912086  0.28961 0.141745  1.63633
0.906693 0.305174 0.113741  1.62603
0.905353 0.302024 0.125522  1.62282
0.901294 0.310791 0.112094  1.61511
0.905051 0.306412 0.117584   1.6229
0.914388 0.292223 0.131039  1.64152
0.908751 0.297994 0.130263  1.62995
0.910744 0.299979 0.118089  1.63424
0.910551 0.297201 0.126869  1.63361
0.974547 0.136415 0.165514  1.74862
0.927601 0.283723 0.105535  1.66869
0.924356 0.259956 0.165518  1.65948
0.925044 0.264687 0.159626  1.66171
0.924123 0.257359 0.176535  1.65993
0.923058 0.253046 0.184162  1.65752
0.920625 0.261016 0.176548  1.65271
0.922888 0.257451 0.179348  1.65752
0.919153 0.272497 0.159345  1.64995
0.917933  0.26895 0.168198  1.64732
0.915044 0.276857 0.158771  1.64149
 0.91778 0.273139 0.162466  1.64736
0.924689 0.260931 0.171116  1.66145
0.920409 0.265398 0.171392  1.65264
0.921983 0.268256 0.162026  1.65579
0.921839 0.265175 0.168593  1.65551
0.973041 0.142298 0.172173   1.7459
0.974523 0.142695 0.154659  1.74819
 0.97067 0.122675  0.18988  1.74328
 0.93308 0.256361 0.149621  1.67707
0.945794 0.176388 0.225456  1.70258
0.945683 0.180834 0.223881  1.70279
0.945879 0.170226 0.231835   1.7038
 0.94573 0.164325 0.235717  1.70375
0.943724 0.172063 0.233981  1.69964
0.945091 0.168773 0.234332  1.70248
0.942199 0.184694 0.227131  1.69625
0.941857 0.179531  0.23168   1.6958
0.940009 0.186941 0.228794  1.69196
0.941406  0.18371 0.229649  1.69492
0.946082 0.174351 0.229866  1.70436
0.943212 0.176358 0.232296  1.69865
0.944045 0.181517 0.227169  1.70004
0.944161 0.177557 0.230006  1.70042
0.972474 0.102625 0.210623  1.75404
0.972212 0.111744 0.200478  1.74991
0.969033 0.111167 0.208048  1.74462
 0.969753 0.0968214  0.215729   1.75013
 0.966509 0.0949224  0.219672   1.74453
 0.96721 0.104248 0.219552  1.74522
 0.967936 0.0987496  0.218521   1.74701
  0.96322 0.0945976  0.222502   1.73816
 0.960152 0.0955825  0.224071    1.7315
0.961675 0.104217 0.224401    1.735
 0.961082 0.0982415  0.223713    1.7335
0.963054 0.111822 0.224565  1.73766
0.965026 0.113947 0.221048  1.74036
0.962835 0.115725 0.223004  1.73605
0.964472 0.098084  0.22168   1.7405
0.962809 0.107098 0.224004  1.73717
0.965847 0.107359   0.2216  1.74288
0.964718 0.104583  0.22266  1.74111
0.968572 0.136086 0.198876  1.74125
0.970084 0.103063 0.214404  1.74992
0.967803 0.106862 0.217407  1.74545
0.966057 0.116707 0.214025  1.73952
0.968321 0.113154 0.217962  1.74669
0.969975 0.120543 0.197456  1.74361
 0.798709  0.203042 -0.441981   1.48619
 0.798651  0.198488 -0.445382   1.48723
0.806172  0.20051 -0.44031  1.50081
 0.800397  0.199941 -0.443454   1.48995
 0.796661  0.194372 -0.443398   1.48175
0.793274  0.18757  -0.4355  1.46952
   0.8007  0.186847 -0.432257   1.48372
 0.795169  0.188834 -0.437183   1.47454
 0.816272  0.196465 -0.435166   1.51958
  0.81262  0.186197 -0.428214   1.50741
 0.835824  0.189117 -0.420175   1.55489
 0.817666    0.1887 -0.431379    1.5199
  0.79907  0.195214 -0.444265   1.48717
 0.803913  0.188255 -0.434933   1.49201
 0.807614  0.196168 -0.440258   1.50327
 0.804788  0.194405 -0.440621   1.49751
 0.744382  0.184147 -0.437987   1.36488
 0.988344  0.163442 0.0609938   1.78581
 0.978917  0.196074 0.0654287   1.76923
 0.978558  0.192817 0.0528277   1.76914
  0.99143  0.148131 0.0298515   1.79489
   0.9823  0.177685 0.0239374   1.77803
   0.993344    0.131535 -0.00615569     1.80156
 0.993784  0.152278 0.0139938   1.80338
0.981236 0.181473 0.043465  1.77409
  0.99092  0.166428 0.0475514   1.79455
0.973343 0.145647 0.165528   1.7463
 0.760205  0.152301 -0.450861   1.40007
 0.759823  0.152006 -0.451205    1.3994
 0.760464  0.152203 -0.450768   1.40055
 0.759581  0.152261 -0.451479    1.3991
 0.759516  0.152506 -0.451489   1.39902
0.759671  0.15209 -0.45141  1.39922
 0.759544  0.152138 -0.451456   1.39899
 0.761408  0.151653 -0.450517   1.40226
 0.762017  0.150907 -0.450173   1.40316
 0.743426  0.136279 -0.453062   1.36223
0.746088 0.133767 -0.45205  1.36672
 0.762264  0.153928 -0.448005   1.40298
 0.762824  0.149621 -0.449397   1.40411
 0.764849   0.14572 -0.447914   1.40667
 0.761104  0.150745 -0.451138   1.40181
0.756229 0.125877 -0.44602  1.38324
 0.760393  0.124705 -0.443664   1.39053
 0.760903   0.15103 -0.451278   1.40154
 0.761502  0.149634 -0.451107   1.40237
0.766409  0.14171 -0.44526   1.4076
 0.747855  0.132903 -0.452146   1.37041
 0.767105  0.139845 -0.441992   1.40682
 0.759757  0.153257 -0.450953   1.39937
 0.759765  0.153343 -0.451017   1.39944
 0.760475  0.153393 -0.450647   1.40073
 0.759603  0.153321 -0.451166   1.39918
 0.763311   0.15342 -0.447184    1.4046
 0.761722  0.154484 -0.448249    1.4021
 0.759409   0.15293 -0.451424   1.39885
 0.760776   0.15139 -0.451022   1.40119
   0.7594  0.152646 -0.451495   1.39881
 0.760509  0.151753 -0.450908   1.40064
  0.76029  0.151974 -0.450868   1.40019
0.762683 0.143207 -0.45041  1.40302
 0.760131  0.152128 -0.450924   1.39992
 0.759131  0.152517 -0.451651   1.39831
 0.760014  0.152072 -0.451014   1.39971
 0.759672  0.151928 -0.451347   1.39915
 0.759384  0.152359 -0.451552   1.39875
 0.759775  0.152026 -0.451294   1.39936
 0.759952  0.152151 -0.451063   1.39962
0.759499 0.151956 -0.45143  1.39884
 0.776803  0.166553 -0.433175    1.4286
 0.735767  0.154013 -0.453403    1.3498
 0.73676 0.151382 -0.45337   1.3513
 0.741193  0.140515 -0.453964   1.35888
 0.742967  0.146338 -0.457863   1.36623
 0.761271  0.150202 -0.451488   1.40225
 0.737142  0.156608 -0.454215   1.35373
 0.764915  0.153344 -0.444669   1.40651
 0.759331  0.152999 -0.451484   1.39873
 0.763413  0.154072 -0.445933   1.40422
 0.759418  0.153268 -0.451359   1.39889
 0.759555  0.153425 -0.451196   1.39912
 0.758704  0.162654 -0.449023   1.39816
 0.761475   0.15385 -0.449342   1.40211
 0.760923  0.153747 -0.450126   1.40141
  0.76029  0.153996 -0.450541   1.40037
 0.759291   0.15316 -0.451454   1.39866
 0.760863  0.153496 -0.450368   1.40139
 0.759902  0.153402 -0.450955   1.39971
 0.760196  0.153279 -0.450795   1.40021
  0.76107   0.15419 -0.449508   1.40142
 0.760023   0.15332 -0.450871    1.3999
0.760066 0.153571 -0.45087  1.40003
 0.964484  0.200505 0.0888367   1.73605
0.969305 0.203139 0.085626  1.74745
0.914274 0.307935 0.047602  1.64385
0.943447  0.23483 0.159461  1.69675
 0.966899  0.189884 0.0793923   1.73976
 0.974822  0.177057 0.0295384   1.75734
 0.973536  0.178044 0.0103518   1.75509
  0.978224    0.17309 0.00100776    1.76635
  0.975285   0.172002 -0.0164252    1.76006
  0.975781   0.172384 -0.0706757    1.76736
  0.96619   0.20058 0.0464629   1.73916
 0.969771  0.192501 0.0356396   1.74705
  0.975223   0.166195 -0.0612046    1.76335
 0.870756  0.317401 -0.169172   1.57541
  0.971377   0.189274 -0.0158172    1.75377
0.968138 0.193716 0.018601  1.74411
 0.955443  0.176231 -0.167253   1.73575
 0.96508 0.173109 -0.14416  1.75392
 0.942333  0.190302 -0.200521    1.7153
 0.843001  0.303035 -0.252782   1.53145
  0.874842   0.329097 -0.0897921    1.57168
 0.866231  0.328441 -0.123451    1.5581
 0.924474  0.204323 -0.237552   1.68619
 0.903929  0.219257 -0.273551   1.65287
 0.810242  0.284373 -0.313329   1.47392
 0.921586  0.239271 -0.196108   1.67733
0.882139 0.232706 -0.30463  1.61684
 0.788952  0.261794 -0.356347   1.43862
 0.900825  0.256009 -0.234476   1.64405
 0.832292  0.242197 -0.378414   1.53728
 0.844957  0.244284 -0.366274   1.56079
 0.845763  0.264427 -0.317492     1.549
 0.816223  0.237731 -0.400067   1.51119
 0.825573  0.240741 -0.391651   1.52849
 0.806439  0.228626 -0.417318   1.49609
 0.803218  0.236139 -0.404022   1.48481
 0.810651  0.231352 -0.413203   1.50393
0.970427 0.152317 0.181557  1.74119
0.970373 0.152686 0.181615  1.74112
0.970491 0.152133 0.181379  1.74131
0.970267 0.152939 0.181931  1.74096
0.970238 0.152966  0.18207  1.74091
0.970305 0.152858 0.181795  1.74101
0.970286 0.152945 0.181837  1.74099
0.970825 0.150895 0.180527  1.74191
0.970243 0.153001 0.181992  1.74092
0.971086 0.149917 0.179707  1.74238
0.971483 0.148392  0.17835  1.74309
0.972092 0.146015 0.176067  1.74418
0.945473 0.206038 0.200934   1.7017
0.970925 0.151306 0.179472  1.74208
0.973744 0.141557 0.167685  1.74714
0.970437 0.144103 0.184896  1.74171
 0.990313 0.0962561  0.114801   1.78323
0.991194 0.100604 0.125643  1.78551
0.982389 0.113262 0.141693  1.76481
0.982173 0.124257 0.124485  1.76396
0.985173 0.111692 0.128243  1.77077
0.971038 0.151392 0.178654  1.74228
0.971412 0.150728 0.176741  1.74295
0.975751 0.135404 0.157763  1.75081
0.935274 0.264332  0.10816  1.68074
0.978544 0.127479 0.155372  1.75708
0.970286 0.152473 0.182088  1.74096
0.970272 0.152486 0.182171  1.74094
0.970357 0.151766 0.182263   1.7411
0.970229  0.15264 0.182273  1.74088
0.970423 0.147312 0.183973  1.74149
0.969933 0.149354 0.185167  1.74071
0.970198 0.152916 0.182247  1.74085
0.970718  0.15179 0.180362  1.74171
0.970212 0.152991 0.182138  1.74087
0.970578 0.152098 0.180919  1.74146
0.970488 0.152292  0.18127   1.7413
0.972385 0.153901 0.164923  1.74494
 0.97043 0.152413 0.181491   1.7412
0.969417  0.15156  0.18643  1.74007
0.970412 0.152514 0.181531  1.74117
0.970325 0.152904 0.181622  1.74104
0.970227 0.153102 0.181974   1.7409
0.970343 0.152739 0.181687  1.74106
0.970399 0.152527 0.181603  1.74115
0.970303 0.153027 0.181657  1.74102
0.955792 0.158699 0.217831  1.72029
0.960895 0.131277 0.220242  1.73019
0.959983  0.14027 0.221347  1.72935
0.951558 0.181465 0.213282  1.71356
0.970215 0.134976 0.189506  1.74223
 0.97079 0.151843 0.179847  1.74184
0.946479 0.204023  0.19435  1.70184
0.970378  0.14621 0.185323  1.74172
0.970195   0.1528 0.182387  1.74085
0.970219 0.152597 0.182378  1.74088
 0.96887 0.142672 0.192978  1.74032
0.970375 0.150107 0.183379  1.74132
0.970366 0.151028 0.182846  1.74122
 0.97021 0.151718 0.183079  1.74095
0.970152 0.152916 0.182408  1.74078
0.970368 0.151275 0.182479  1.74115
0.970273 0.152292 0.182242  1.74094
0.970345 0.152084 0.182128  1.74107
 0.97009 0.150569 0.183995  1.74082
0.970328 0.152236 0.182136  1.74104
0.970275 0.152078 0.182429  1.74097
 0.753715  0.128325 -0.448472    1.3798
 0.762468  0.144948 -0.449837   1.40261
 0.761971  0.147817 -0.450752   1.40274
 0.763021  0.134654 -0.445329   1.39903
 0.743735  0.138618 -0.454216   1.36403
 0.768275  0.162957 -0.439373   1.41293
  0.76029  0.150845 -0.451682   1.40046
 0.740969  0.143511 -0.455319   1.35984
 0.771005  0.171602 -0.439974   1.42104
 0.762505  0.163715 -0.444909   1.40402
0.774448 0.186173 -0.44979  1.43668
 0.745833  0.140714 -0.456265   1.37017
 0.735411  0.161589 -0.450788   1.34897
 0.735551  0.158815 -0.451262   1.34897
  0.74856  0.180308 -0.449817   1.38005
 0.742143  0.163401 -0.458056    1.3681
 0.736772  0.170177 -0.445942   1.35062
  0.73603  0.167199 -0.447044    1.3491
 0.744318  0.171359 -0.455224   1.37255
 0.739637  0.180401 -0.438475   1.35433
 0.738162  0.176941 -0.440298   1.35156
 0.768359  0.217306 -0.413979   1.41042
  0.76014  0.189914 -0.448681   1.40585
 0.791163  0.203892 -0.442127   1.47058
 0.781609  0.198582 -0.448409   1.45292
 0.785224  0.202679 -0.441963   1.45772
 0.752524  0.210806 -0.414642   1.37518
 0.749797  0.205571 -0.418175   1.37002
 0.762529  0.202442 -0.433439   1.40508
 0.761534  0.232313 -0.393512   1.38879
 0.759249  0.225176 -0.399781   1.38523
 0.774169  0.238608 -0.387675   1.41483
 0.773595  0.256006 -0.364881   1.40725
 0.770135  0.248341 -0.373776   1.40184
 0.795688  0.246289 -0.379776   1.46009
 0.791178  0.280115 -0.325545   1.43509
 0.784993  0.272911 -0.338292   1.42489
 0.816903  0.301683 -0.271157   1.47765
 0.806465  0.296552 -0.288854   1.45934
 0.874282  0.265484 -0.275584   1.59869
 0.862415  0.259595 -0.303567   1.57986
 0.843742  0.321533 -0.190412   1.51935
 0.837269  0.315664 -0.214969   1.50998
 0.951726  0.205699 -0.116079   1.72322
 0.907933  0.284542 -0.150964   1.64684
  0.966495   0.183634 -0.0592526    1.74539
 0.929641  0.222369 -0.187388    1.6897
0.899452 0.318704 0.028098  1.61292
   0.903584    0.323269 -0.00732552     1.62664
 0.913245  0.295825 0.0942682   1.63766
 0.914333  0.304757 0.0729169   1.64282
0.970118 0.198685 0.091277  1.74628
 0.960839  0.219243 0.0530759   1.72913
 0.967338  0.198864 0.0615965   1.74135
0.923918 0.265806 0.142701  1.65725
 0.92612 0.274931 0.126575  1.66391
0.937513 0.248796 0.145731  1.68483
0.931877 0.239231 0.176931  1.67328
0.933511 0.248856 0.165639  1.67824
0.938476 0.213976 0.199434  1.68664
0.938957 0.222459 0.192389  1.68863
0.972377 0.147876 0.171887  1.74462
0.945001 0.188727 0.213938  1.69968
0.944688 0.196976 0.209607  1.69985
0.952694 0.162384 0.221256  1.71483
0.950607 0.171042 0.219763  1.71113
0.965684 0.127218 0.214705  1.73935
0.971971 0.149782 0.173638  1.74396
 0.783382  0.227631 -0.404578   1.44048
0.795961 0.209043 -0.43525  1.47808
 0.800881  0.212834 -0.430416     1.487
 0.801405  0.218726 -0.424442   1.48634
 0.803992  0.222183 -0.421101    1.4911
 0.794106  0.218968 -0.420835   1.46932
 0.799182  0.216349 -0.425984   1.48196
 0.773724  0.208992 -0.426164   1.42633
 0.787918  0.190146 -0.441337   1.46159
 0.780813   0.18691 -0.445163   1.44789
 0.785815  0.192676 -0.447538   1.46072
 0.988475  0.139305 0.0843044   1.78069
 0.992208  0.111022 0.0948628   1.78811
  0.98825 0.0974844   0.10216   1.77792
0.982816 0.129568 0.112156  1.76577
 0.989686  0.123977 0.0977747   1.78218
0.971335 0.152801 0.175046  1.74291
0.978072 0.150671 0.124109  1.75654
 0.972302  0.198226 0.0841255   1.75222
 0.760207  0.151989 -0.450921   1.40005
 0.759863    0.1519 -0.451174   1.39945
 0.759711   0.15184 -0.451262   1.39917
0.760383 0.151793 -0.45094   1.4004
 0.760608  0.151508 -0.451058   1.40089
 0.759322  0.152683 -0.451554   1.39869
 0.763949  0.156101 -0.443951   1.40468
 0.760016  0.151711 -0.451112   1.39971
 0.749673  0.135802 -0.453864   1.37588
0.760098  0.15162  -0.4511  1.39986
 0.761709   0.14882 -0.451533   1.40288
0.754918 0.131776 -0.45031  1.38411
 0.758932  0.153238 -0.451593   1.39799
0.762208 0.146611 -0.45126  1.40327
   0.7628  0.140604 -0.447935   1.40128
 0.758126   0.14812 -0.455298   1.39742
 0.758113  0.132767 -0.449418   1.39058
 0.769289  0.134258 -0.437923    1.4081
 0.762148   0.13181 -0.446207   1.39709
 0.760383  0.148694 -0.452558   1.40068
 0.759767  0.153424 -0.451023   1.39947
 0.759701  0.153494 -0.451108   1.39939
 0.760072   0.15376 -0.450838   1.40006
 0.759462  0.153401 -0.451295   1.39898
 0.762647  0.155005 -0.446381   1.40307
  0.75907  0.153116 -0.451587   1.39826
 0.759217  0.152852 -0.451558    1.3985
 0.760186  0.151319 -0.451306   1.40011
 0.761677  0.155155 -0.447483    1.4017
0.759223 0.152503 -0.45159  1.39846
 0.759645  0.151076 -0.451872   1.39927
 0.759323  0.152184 -0.451544   1.39858
  0.75947  0.151873 -0.451467   1.39879
 0.759509  0.152092 -0.451478   1.39892
 0.759974  0.151935 -0.451082   1.39964
  0.75903  0.152291 -0.451669   1.39806
 0.759998  0.151831 -0.451038   1.39965
 0.759703  0.151741 -0.451279   1.39915
 0.769195  0.169222 -0.442008   1.41782
  0.74198  0.156202 -0.459181   1.36698
 0.747451  0.146844 -0.459838   1.37709
  0.76616  0.162168 -0.441625   1.40951
 0.764041  0.158248 -0.443293   1.40501
 0.760364  0.150034 -0.452144   1.40071
 0.762629  0.156193 -0.445493   1.40279
 0.759208  0.153251 -0.451503   1.39853
 0.759425  0.153507 -0.451333   1.39894
  0.76173  0.159406 -0.445263   1.40155
 0.761032  0.154607 -0.448982   1.40111
 0.760596  0.154263 -0.449965   1.40072
 0.759692  0.153696 -0.451117   1.39941
 0.761134  0.156913 -0.446606   1.40047
 0.760612  0.153969 -0.450265   1.40088
 0.760289  0.153764 -0.450674   1.40041
 0.759928  0.153567 -0.450959   1.39979
 0.759858  0.154274 -0.450571   1.39953
 0.759734  0.153576 -0.451087   1.39946
 0.759795  0.153788 -0.450994   1.39957
0.966122 0.203708 0.081524  1.73866
 0.930031  0.283633 0.0689636   1.67321
 0.924996  0.295473 0.0156441   1.66633
 0.928719  0.276611 0.0968602   1.66848
  0.970513   0.185682 0.00454977    1.74933
 0.919189  0.296488 0.0446847   1.65167
  0.972657   0.183728 -0.0333624    1.75762
  0.964315   0.201759 -0.0126652     1.7385
  0.964237   0.194845 -0.0695588    1.74385
 0.962505  0.213289 0.0214825   1.73369
 0.961171  0.191438 -0.103203   1.74091
 0.946527  0.204789 -0.147249   1.71675
 0.897161  0.301664 -0.138364   1.62478
 0.941624  0.238553 -0.105127   1.70463
0.882738 0.291571 -0.21019  1.60615
  0.952728   0.221321 -0.0668536    1.72099
 0.910407  0.239397 -0.225985   1.65913
 0.886389  0.253772 -0.264077   1.61903
 0.844193   0.29075 -0.265222   1.53451
 0.894417  0.274433 -0.209221   1.62721
 0.813009  0.276559 -0.318671    1.4801
 0.860007  0.286519 -0.249368   1.56408
0.827599 0.242925 -0.38205  1.52922
 0.810489  0.238124 -0.397058   1.49777
 0.835745  0.280279 -0.299431   1.52502
 0.839844  0.256957 -0.341052   1.54313
0.970464 0.152427  0.18136  1.74127
0.970375 0.152719 0.181516  1.74111
 0.97036 0.152841 0.181507   1.7411
0.970521  0.15232 0.181067  1.74137
0.970628 0.152138 0.180596  1.74156
0.970195 0.153078 0.182161  1.74086
0.969259 0.143879 0.189599   1.7402
 0.97044 0.152667 0.181211  1.74123
0.970189 0.153157 0.182074  1.74084
0.971235  0.15057 0.178041  1.74262
0.952557 0.192733 0.197558  1.71417
0.970712 0.152399 0.179708  1.74171
0.972796 0.148518 0.168572  1.74546
0.970042 0.153306 0.182656  1.74066
0.947422 0.213826 0.181993  1.70413
0.970912 0.152248 0.178447  1.74207
0.973996 0.147051 0.160238   1.7477
0.975569 0.145889 0.146251  1.75064
0.978065 0.142243  0.13627  1.75591
0.971615 0.151871 0.173275  1.74332
0.970288 0.152422 0.182251  1.74099
0.970242 0.152476 0.182378  1.74092
 0.97026 0.152022 0.182642  1.74098
0.970173 0.152691 0.182456   1.7408
0.969674 0.147334 0.186939  1.74052
0.970082 0.153158 0.182509  1.74069
0.970158  0.15308  0.18227  1.74079
0.970576 0.152505 0.180509  1.74147
0.970479 0.152555 0.181021  1.74129
0.971003 0.152706 0.177547  1.74229
0.970503 0.153143 0.180205  1.74137
 0.97024 0.153138 0.181856  1.74092
0.970613 0.152692 0.180144  1.74156
0.970273  0.15304 0.181782  1.74097
0.970431  0.15262 0.181462  1.74123
0.970169 0.153386 0.181935  1.74082
0.970417 0.152582 0.181338  1.74118
0.970359 0.152909 0.181392   1.7411
0.965588 0.131654 0.209038  1.73722
0.960288 0.147586 0.218053  1.72952
0.967559 0.128479 0.201658  1.73932
0.963409 0.141174 0.208656  1.73255
0.968499 0.137654 0.193523  1.73935
0.971204 0.152061 0.176453  1.74259
0.969432 0.146738 0.189093   1.7406
0.970131 0.152983 0.182533  1.74077
0.969777 0.149044 0.186532  1.74074
0.970169 0.152695 0.182622  1.74084
0.969994 0.150398 0.184859  1.74084
0.970126 0.151216 0.183774   1.7409
0.970183 0.152384  0.18263  1.74083
0.968465 0.149059 0.190449   1.7389
0.970185 0.151319  0.18323   1.7409
0.970238 0.151778 0.182735  1.74093
0.970288  0.15224 0.182383  1.74101
0.969983 0.152153 0.183668  1.74062
0.970224 0.152378 0.182474  1.74089
0.970164 0.152546 0.182722  1.74083
 0.753296  0.134732 -0.452724   1.38266
  0.75985  0.145693 -0.453724   1.39955
 0.758535  0.138724 -0.451345   1.39384
 0.749005  0.139198 -0.455765   1.37628
 0.761019  0.158614 -0.446635   1.40066
   0.7458  0.144401 -0.458029   1.37193
 0.760227  0.149595 -0.452729   1.40067
 0.743346  0.149936 -0.459064   1.36851
 0.740639  0.152092 -0.458248   1.36274
 0.763381  0.182408 -0.457596   1.41687
 0.739641  0.158844 -0.457569    1.3616
 0.753051  0.181005 -0.455881   1.39338
 0.746528  0.155917 -0.462315   1.37857
0.740431 0.166467 -0.45537  1.36345
 0.749009  0.169836 -0.461709   1.38628
 0.743066  0.174994 -0.450819   1.36796
 0.753248  0.177563 -0.459271   1.39526
 0.747538  0.184933 -0.443338     1.375
 0.754529  0.191029 -0.441557    1.3901
 0.756258  0.196684 -0.433611   1.39038
0.792894  0.25793 -0.35944  1.44779
 0.820303   0.24886 -0.371957    1.5108
 0.877941  0.304525 -0.173421    1.5888
 0.919072  0.256231 -0.174337   1.67058
  0.903373   0.306452 -0.0971846    1.63228
 0.933575  0.239399 -0.134336    1.6913
  0.915208   0.293487 -0.0777689    1.65272
  0.912314   0.303324 -0.0178119    1.64142
0.938871 0.273604 0.037961  1.69106
 0.964775  0.211264 0.0407834   1.73775
0.973023  0.17333 0.121893  1.74805
 0.948277  0.259617 0.0408577   1.70948
0.966544 0.189319 0.131457  1.73601
0.942252 0.252793 0.128678  1.69547
0.953781 0.217503 0.161738  1.71663
0.949788 0.232377  0.14028  1.70832
 0.948515  0.248236 0.0986203   1.70659
0.941215 0.226249 0.175086  1.69148
0.972169 0.151816 0.168213  1.74431
0.968751  0.20002 0.111034  1.74319
0.960178 0.147314  0.21134  1.72659
0.961556 0.164717 0.200298   1.7289
0.952297 0.181754 0.206399  1.71313
0.957813 0.163409 0.211641  1.72376
 0.792775  0.207845 -0.436235   1.47169
 0.780671  0.206888 -0.433324   1.44432
 0.785743  0.213592 -0.428506    1.4541
 0.769531  0.194361 -0.445211   1.42465
 0.773028  0.190295 -0.453248   1.43616
 0.773794  0.181179 -0.448654   1.43382
 0.977917  0.153615 0.0961696   1.75646
0.982758  0.14654 0.112254  1.76746
0.972856 0.152302 0.160199  1.74556
0.979444 0.169747 0.092753  1.76301
0.971366 0.157444  0.16612  1.74314
 0.966161   0.20581 0.0879312   1.73831
0.953842 0.243007 0.086868   1.7174
0.760072 0.151468 -0.45125  1.39986
 0.759219  0.151948 -0.451571   1.39834
 0.760142  0.151111 -0.451588   1.40015
 0.759117  0.152917 -0.451617   1.39834
 0.760212   0.15055 -0.452126    1.4005
 0.753669  0.146616 -0.458877   1.38971
 0.753517  0.141075 -0.456204   1.38654
  0.76033  0.154813 -0.449358    1.3999
 0.759193  0.150467 -0.453195   1.39898
0.760141 0.148051 -0.45329  1.40046
 0.760299  0.146584 -0.452815   1.40017
 0.759911  0.143383 -0.452686   1.39855
0.759069 0.142253 -0.45372  1.39712
 0.762715  0.138272 -0.448345   1.40084
 0.758011  0.136777 -0.451825   1.39257
  0.75924  0.149776 -0.453436   1.39906
 0.759245  0.153411 -0.451439    1.3986
 0.759983  0.154691 -0.449929   1.39949
 0.760678  0.155555 -0.448108   1.40006
  0.75914  0.156686 -0.448782   1.39751
 0.758977  0.152711 -0.451675   1.39803
 0.759698  0.151396 -0.451448   1.39918
0.759645 0.151556 -0.45137  1.39905
 0.760528  0.156515 -0.447744   1.39976
 0.757707  0.156733 -0.451012   1.39587
 0.759258  0.152143 -0.451597   1.39847
 0.759493  0.151752 -0.451402   1.39878
 0.758672  0.152507 -0.451787   1.39742
 0.746735  0.162319 -0.462579   1.38049
 0.763253  0.170535 -0.446978   1.40833
0.744418 0.158108 -0.46201  1.37437
 0.761768  0.162241 -0.446296   1.40292
 0.759515  0.150599 -0.452578   1.39932
 0.751201  0.147618 -0.459962   1.38535
 0.759118  0.153559 -0.451415   1.39834
 0.758707  0.165587 -0.451787   1.40045
 0.758014   0.15088 -0.454397   1.39731
 0.760189  0.155349 -0.448961   1.39949
 0.759388  0.153754 -0.451258   1.39886
 0.758836  0.153649 -0.451416   1.39776
 0.760093  0.154364 -0.450215   1.39983
 0.759447  0.153641 -0.451246   1.39896
 0.759269  0.154428 -0.450685   1.39839
 0.759921  0.154051 -0.450728   1.39972
 0.965053  0.212283 0.0918182   1.73685
  0.96345  0.214751 0.0686162   1.73404
  0.957855   0.225885 -0.0114045    1.72782
 0.936752  0.275406 0.0600196   1.68615
  0.961687   0.211095 -0.0252536    1.73538
    0.9529   0.233221 -0.0511493    1.72206
  0.962163   0.208711 -0.0536416    1.73959
  0.949674   0.221781 -0.0961337    1.71851
  0.942349   0.250235 -0.0850504    1.70573
  0.949772   0.235532 -0.0244019    1.71165
 0.922957  0.273675 -0.126128   1.67403
      0.94   0.257017 -0.0423344    1.69548
 0.926307  0.255238 -0.143898    1.6803
  0.90741  0.272976 -0.179026   1.64908
 0.97051 0.152695 0.180787  1.74137
 0.97025 0.153295 0.181636  1.74095
0.970133 0.153194 0.182343  1.74077
0.970289 0.153139 0.181562    1.741
0.970769 0.152686 0.179128  1.74185
0.967922 0.149679 0.193248  1.73868
0.970916 0.154394 0.175352  1.74219
0.969645 0.151281  0.18534  1.74022
0.971794 0.153096 0.171101  1.74378
0.970623 0.153948 0.178691  1.74168
0.955437 0.200785 0.178562  1.71866
0.970598 0.153373  0.17922  1.74156
0.973027 0.155973  0.15545  1.74628
0.962226 0.157791 0.203291   1.7301
0.950893 0.210536  0.17399  1.70972
0.970935 0.155766 0.174101  1.74239
0.970094 0.152876 0.182679   1.7407
0.969775 0.151936 0.184751  1.74043
0.969195 0.150473 0.187332  1.73972
0.969992 0.153544 0.182557  1.74057
0.970109 0.153339 0.182246  1.74073
0.970425 0.153006  0.18084  1.74122
0.970165 0.153298 0.182085  1.74082
 0.97022 0.153277 0.181808   1.7409
0.970435  0.15303 0.181092  1.74127
0.969051 0.152866 0.186513  1.73941
0.970349 0.153088 0.181407  1.74111
0.970509 0.153518 0.179843  1.74142
0.966314 0.142322 0.202829  1.73756
0.964265 0.153523 0.200374  1.73305
0.967239 0.146448 0.195361  1.73745
0.970736 0.153756 0.177712  1.74183
 0.97033  0.15736 0.175146  1.74136
0.968841 0.150914  0.18908  1.73953
0.970054 0.152953 0.182883  1.74068
0.965745 0.155953 0.196177  1.73551
0.969997 0.152759 0.183083  1.74057
0.970183  0.15928 0.174328  1.74136
0.969911 0.151751  0.18406  1.74052
0.970093 0.152523  0.18298  1.74073
0.969894 0.152582 0.183729  1.74049
0.970081 0.152065 0.183254  1.74072
0.754488 0.138321 -0.45402  1.38672
 0.756888  0.146223 -0.456356   1.39497
 0.750462  0.142032 -0.457389   1.38098
 0.750166  0.145373 -0.459227   1.38217
 0.758818  0.148438 -0.454349    1.3984
 0.747799  0.150334 -0.461195    1.3794
 0.745352   0.15216 -0.461346   1.37469
 0.75807   0.1743 -0.45626  1.40352
 0.745121  0.164988 -0.461667   1.37704
 0.757905  0.150133 -0.454833   1.39716
 0.748182  0.172882 -0.460043   1.38408
0.758518 0.167952 -0.45144  1.40036
  0.76444  0.179452 -0.453864   1.41656
  0.75881  0.171174 -0.455678   1.40411
0.763743  0.18602 -0.45684  1.41771
 0.755221  0.170197 -0.458838   1.39817
 0.924048  0.277505 -0.095674   1.67145
  0.922557   0.292621 -0.0425263    1.66467
 0.931802  0.266373 -0.080601   1.68401
 0.932026  0.281728 0.0163103    1.6783
 0.946454  0.255313 0.0615531   1.70311
 0.949187  0.251546 0.0238149   1.71023
 0.943425  0.264024 0.0742554   1.69867
 0.944156  0.259555 0.0926052   1.69936
0.973799 0.161887 0.128612  1.74797
0.945925   0.2423 0.127902  1.70075
0.946882  0.22966 0.153866  1.70234
0.973328 0.161377 0.141277  1.74724
0.955489 0.192507  0.18962  1.71895
0.953821  0.23175 0.116271  1.71545
0.955907 0.173052 0.206752  1.71963
0.961654 0.156107 0.208358  1.73047
0.971138 0.155491 0.171694  1.74264
0.971133  0.16625 0.154731  1.74355
 0.764296  0.176022 -0.452953   1.41511
 0.756368  0.178246 -0.460312   1.40281
 0.774217  0.194588 -0.451083   1.43797
 0.759973  0.185992 -0.454088   1.40796
0.973556 0.154502 0.147699  1.74695
0.973994  0.17925 0.105642  1.75132
0.968411 0.192452 0.102694  1.74044
0.969943 0.162727 0.170414  1.74118
  0.96065  0.218732 0.0807585   1.72764
 0.957297  0.231626 0.0923023   1.72277
0.955163 0.222645 0.139664  1.71833
0.968848 0.176279 0.157983  1.74057
  0.75978  0.151646 -0.451243   1.39927
 0.759508  0.151603 -0.451476   1.39883
 0.759568  0.151304 -0.451684   1.39903
 0.758825  0.152028 -0.451775   1.39765
 0.759158  0.151869 -0.451654   1.39825
 0.759423  0.150978 -0.452288   1.39903
 0.758942  0.158954 -0.448385   1.39741
 0.758912  0.152284 -0.451738   1.39785
 0.758914  0.151131 -0.452553   1.39815
0.758785  0.14956 -0.45421  1.39851
 0.756837  0.143626 -0.455837   1.39396
 0.747991  0.157261 -0.462923   1.38245
 0.751381  0.150618 -0.461083   1.38707
 0.758175  0.146457 -0.455258   1.39711
0.758988 0.153475 -0.45149   1.3981
 0.759094  0.154977 -0.450189   1.39785
 0.758744  0.153033 -0.451683   1.39761
 0.759246  0.155384 -0.449572   1.39789
 0.758834  0.152775 -0.451717   1.39777
 0.759163  0.151381 -0.451875   1.39831
0.759163 0.151645 -0.45163   1.3982
0.758555 0.153175 -0.45168  1.39724
 0.759083  0.151551 -0.451775   1.39811
 0.758489  0.151212 -0.453051   1.39757
 0.750076  0.155316 -0.462456   1.38616
 0.750019  0.160653 -0.462921   1.38747
 0.748405  0.163023 -0.463162   1.38469
0.758791 0.161003 -0.44975  1.39839
 0.758932   0.15792 -0.449213   1.39763
 0.753818  0.161609 -0.456914   1.39231
0.752758 0.154309 -0.46071  1.39066
 0.759047  0.156075 -0.449537   1.39762
 0.758957  0.153884 -0.451232   1.39795
 0.757364  0.151437 -0.454741   1.39627
 0.759304  0.154637 -0.450324   1.39829
 0.759301  0.153997 -0.451083   1.39861
 0.759404  0.153877 -0.451132   1.39884
 0.759752  0.153962 -0.450948   1.39948
 0.758738  0.154156 -0.451043   1.39743
 0.75939 0.154211 -0.45081  1.39867
 0.957646  0.235766 0.0651601   1.72473
 0.958306  0.231475 0.0500446   1.72589
 0.954165  0.236706 0.0279945   1.71816
 0.960786  0.225683 0.0128735   1.73274
 0.929118  0.278638 -0.032401   1.67459
   0.943127    0.257152 0.000960303     1.69873
0.970416 0.152847 0.181234  1.74121
0.970327 0.153211 0.181237  1.74106
0.970429 0.153243 0.180631  1.74126
0.970163 0.153667  0.18167  1.74083
0.970057 0.153707 0.182123  1.74067
0.970227 0.153473 0.181529  1.74092
0.967573 0.154793  0.19095  1.73778
0.970284 0.153433 0.181287  1.74101
0.970344 0.154018 0.180092  1.74115
0.970763 0.154641  0.17689  1.74199
0.971117 0.157628  0.16985  1.74285
0.967889  0.15738 0.187513  1.73794
0.971226 0.160785  0.16355  1.74326
0.970362 0.154687 0.179102  1.74124
0.969104 0.162826  0.17596  1.73985
0.970361 0.155731 0.177542  1.74131
0.970165  0.15227 0.183016  1.74088
0.970179 0.152195  0.18276  1.74083
0.969978 0.153211 0.182895  1.74055
0.969306 0.153305 0.185462  1.73976
0.968662   0.1539 0.187615  1.73904
0.969774  0.15794  0.17818   1.7405
 0.97007 0.153534  0.18231   1.7407
0.970376 0.153579 0.180765  1.74121
 0.96993 0.153806 0.182711  1.74052
0.970138 0.153594 0.181909  1.74079
0.970266 0.153619 0.181111  1.74099
0.969896 0.154096   0.1825  1.74046
0.960989 0.174363 0.191348  1.72716
0.958763 0.172352  0.20061  1.72423
0.963119 0.164854 0.195608  1.73102
0.966807 0.153388 0.193545  1.73662
0.968201 0.153148 0.189239  1.73837
 0.96992  0.15339 0.183164  1.74052
0.969871 0.153215 0.183482  1.74046
0.966013 0.160552 0.190858  1.73531
 0.96956  0.15275 0.184794  1.74005
0.969731 0.153375 0.183932  1.74029
0.969775 0.152957 0.184181   1.7404
0.969963 0.152835 0.183405  1.74059
  0.75435  0.143708 -0.457091   1.38944
 0.755955  0.149243 -0.457191   1.39422
 0.758517  0.150802 -0.453611   1.39788
 0.757319  0.150162 -0.455685   1.39643
 0.749042  0.152132 -0.461866   1.38292
  0.75627  0.162866 -0.454664   1.39641
 0.755474  0.167577 -0.458491   1.39797
 0.756576  0.151836 -0.455705   1.39527
 0.752378  0.165546 -0.460575   1.39222
 0.752573  0.158558 -0.460973   1.39137
 0.751473   0.16657 -0.462545   1.39156
 0.750566  0.169444 -0.462282   1.39005
   0.937457    0.273482 -0.00440489     1.69025
  0.952199   0.250567 -0.0193016    1.72089
0.951341 0.241095 0.114365  1.71217
 0.96212 0.217519 0.109664  1.73121
 0.95516 0.214766 0.151534  1.71743
0.970218 0.175302 0.143005  1.74248
 0.96706 0.157618 0.189819  1.73675
  0.9565 0.185446 0.190222  1.71929
0.960959 0.188411 0.176687  1.72775
0.960417  0.17713 0.195477  1.72785
0.958437 0.206537 0.152271  1.72295
0.959369 0.196502 0.172293  1.72552
0.971524 0.161014 0.157945  1.74365
0.963552 0.206598 0.131096  1.73317
0.969457 0.168049 0.164946  1.74072
0.971419 0.167738  0.14644  1.74403
  0.95938  0.227796 0.0803494   1.72676
 0.951245  0.245963 0.0693006   1.71182
0.964022 0.210583 0.103913   1.7339
0.957483  0.22716 0.104985  1.72228
 0.758867  0.151385 -0.452203   1.39789
 0.758306  0.152259 -0.452023   1.39676
 0.758324  0.152921 -0.451825    1.3968
0.758688 0.152011 -0.45192  1.39745
 0.754074  0.150787 -0.459512   1.39194
 0.758594  0.151745 -0.451965   1.39723
 0.757243  0.149042 -0.456173    1.3963
  0.75806  0.153125 -0.451869   1.39632
 0.754039  0.148551 -0.458755    1.3909
 0.757437  0.151838 -0.453865   1.39599
  0.75858  0.153479 -0.451553   1.39727
 0.758183  0.155325 -0.450783   1.39639
 0.758095   0.15182 -0.452595   1.39659
 0.758332  0.154842 -0.450641    1.3965
 0.753105  0.154549 -0.459113   1.39055
 0.758471  0.152585 -0.451858   1.39706
   0.7586  0.151591 -0.452326   1.39744
 0.757981  0.152416 -0.452214   1.39623
 0.753989  0.172783 -0.461284   1.39747
 0.757341  0.175843 -0.459833   1.40421
 0.750852   0.16061 -0.461293   1.38838
 0.755578  0.165149 -0.454776   1.39552
 0.756425  0.160814 -0.451945   1.39468
 0.757093  0.159194 -0.452131   1.39582
 0.757285  0.157795 -0.450618   1.39499
 0.757135  0.155302 -0.452125   1.39502
 0.757934   0.15593 -0.450375   1.39576
 0.758512  0.154097 -0.451201   1.39705
  0.75653  0.156317 -0.452041   1.39393
 0.758286  0.154429 -0.451042   1.39656
 0.938536   0.26866 -0.050561   1.69638
  0.943773   0.245122 -0.0609922    1.70389
0.970333 0.153959 0.180563  1.74116
0.970004 0.154204  0.18183  1.74061
0.970136 0.153962  0.18156  1.74082
0.970332 0.154577 0.179871  1.74123
0.970002 0.154005 0.182156  1.74062
 0.97032 0.155536  0.17874   1.7413
 0.96935 0.155089 0.184138  1.73984
0.970283 0.157017 0.176988  1.74136
0.960654 0.184776 0.183859  1.72749
0.969995 0.155749 0.180348  1.74077
0.970232 0.159896 0.171541  1.74133
0.964471  0.17824 0.176906  1.73322
0.969821 0.153765 0.183079  1.74035
0.969265 0.154199 0.185193  1.73975
0.970119 0.154695 0.180979  1.74089
0.969405  0.15435 0.184396  1.73987
0.970234 0.153963 0.181247  1.74101
0.968807 0.156805 0.184255    1.739
0.970107 0.154237 0.180935  1.74073
0.969889 0.154587 0.181825  1.74044
0.965051 0.160379 0.194507  1.73418
0.969575 0.159529 0.178075  1.74042
0.969853 0.157246 0.179465  1.74069
0.964622 0.167694 0.188271  1.73313
0.968408 0.155527 0.186952  1.73855
0.969638 0.154561 0.183136  1.74012
0.968874 0.155373 0.185638  1.73921
0.969721 0.154107 0.183366  1.74027
0.756211 0.150799 -0.45761  1.39536
 0.756028   0.14796 -0.457698   1.39435
 0.752006  0.151942 -0.460542   1.38844
 0.755196   0.15973 -0.456227   1.39439
 0.754716  0.153215 -0.458212   1.39312
 0.750801  0.155958 -0.461503   1.38737
 0.753336  0.162895 -0.459979   1.39334
 0.752832  0.157713 -0.458851   1.39052
0.959178 0.223164 0.128258    1.727
0.958942 0.214964 0.124274   1.7237
0.961692 0.198167 0.162788  1.72998
0.968658  0.17954 0.150539  1.74019
 0.96356  0.16891 0.192072  1.73203
0.965823 0.174848 0.174627  1.73506
0.967996 0.170207  0.16902  1.73819
0.962385 0.178079  0.18575  1.73015
0.969952  0.16388 0.166315  1.74107
0.964518 0.184782 0.165703   1.7333
0.969446 0.170127 0.159307  1.74066
0.962794 0.190574  0.16035  1.73004
0.970832 0.179976 0.131209  1.74434
0.964168 0.203362 0.142703  1.73482
0.965396 0.185344 0.148847  1.73357
0.966344 0.197427 0.124234  1.73719
 0.758037  0.151545 -0.453222    1.3968
 0.756344  0.157104 -0.453458   1.39458
 0.754328  0.151711 -0.458313   1.39202
 0.757301   0.15253 -0.453051   1.39535
  0.75718  0.152358 -0.453885   1.39557
 0.756141  0.151004 -0.456253   1.39448
0.758327 0.153739 -0.45147  1.39675
 0.758005  0.153529 -0.451727   1.39619
 0.757807  0.152882 -0.452153   1.39592
  0.75783  0.154337 -0.451469   1.39585
 0.757801  0.152176 -0.452616   1.39605
 0.757179  0.154104 -0.452807   1.39527
 0.755332   0.15858 -0.453655    1.3929
 0.755056   0.15347 -0.456745   1.39305
 0.757408  0.154902 -0.451462   1.39509
 0.753668  0.158388 -0.457074    1.3914
  0.75765   0.15391 -0.451757   1.39556
 0.755649   0.15453 -0.454689    1.3933
 0.97008 0.155011 0.180398  1.74079
0.969534 0.156876 0.181371  1.74013
0.969818 0.155508  0.18165  1.74048
 0.96998 0.156173 0.179515  1.74072
0.969444 0.160576 0.176142   1.7401
0.968457 0.157962  0.18469  1.73861
0.966155 0.163624 0.188426  1.73572
0.969201 0.158812 0.180955  1.73978
0.969116 0.155815  0.18476  1.73964
0.969526 0.153938 0.183909  1.73991
0.969802 0.154494 0.182634  1.74037
0.969714 0.155431 0.182269  1.74033
0.969803 0.154789 0.182284  1.74038
0.969989 0.154887 0.181438   1.7407
0.968331 0.161985 0.182328   1.7389
0.963589  0.17584 0.182546  1.73157
0.967118 0.162862 0.185976  1.73713
0.968414 0.158566 0.186279  1.73912
 0.754522  0.155836 -0.456948   1.39256
 0.756373  0.152948 -0.454551    1.3944
 0.96835 0.167588 0.172983  1.73888
0.967839 0.190248 0.141278  1.74011
0.966444 0.178978 0.163955  1.73611
0.962964 0.184131 0.173146  1.73059
0.968711 0.161784 0.180402  1.73936
0.968962 0.164425 0.173119  1.73954
0.967072 0.174619 0.169325  1.73719
0.966613 0.166318 0.181748  1.73585
0.963168 0.195859 0.145318  1.73053
0.967463 0.190733 0.153197  1.74052
  0.75623  0.155225 -0.454017   1.39427
   0.7575  0.153189 -0.452358   1.39547
 0.757258   0.15373 -0.452207   1.39498
 0.756291  0.152677 -0.455844   1.39494
 0.755503   0.15471 -0.456235   1.39396
 0.755268  0.156352 -0.454372   1.39271
 0.756419  0.154842 -0.452785   1.39383
 0.756552  0.153684 -0.454261   1.39476
0.969668 0.156059 0.181143  1.74018
0.968899 0.160051 0.179855  1.73921
0.969241  0.15658 0.183081   1.7397
0.969559 0.157649 0.180541  1.74026
0.966284 0.169334 0.181678  1.73597
0.969082 0.158508 0.182227  1.73967
0.967139 0.160659 0.185551  1.73638
 0.96804 0.160604 0.183453  1.73803
0.965427 0.170697  0.18441  1.73496
0.967723 0.168245 0.176323  1.73806
0.969521 0.155123 0.183427  1.74006
0.969423 0.155734 0.182906  1.73986
0.969362 0.157182 0.182304  1.73999
0.968646 0.159089 0.183329  1.73903
 0.755033  0.156745 -0.456191   1.39339
0.753985  0.15614 -0.45844  1.39236
0.968337 0.163576 0.178414  1.73858
0.967645  0.16393   0.1836  1.73808
0.967689 0.165935 0.178676  1.73773
0.966549 0.170916 0.177613  1.73623
 0.757231  0.153016 -0.452918   1.39522
 0.756649  0.153566 -0.453288   1.39434
