190.513
223.334
238.656
240.439
229.828
210.517
190.943
167.807
143.118
120.372
98.8976
80.6221
66.6522
57.3338
53.5244
53.9596
56.8293
61.1702
66.2752
71.6891
76.9952
81.7781
85.975
89.5331
92.3605
94.6298
96.8047
98.9886
100.824
102.145
102.968
103.281
103.038
102.118
100.419
98.0101
94.9853
91.5013
88.1193
85.1363
83.1329
82.787
83.9405
85.8614
88.3889
91.4212
94.2971
96.9208
99.1774
101.129
102.799
104.298
105.594
106.58
107.146
107.203
106.804
106.044
104.895
103.356
101.414
99.0961
96.4707
93.6733
91.1148
89.5698
88.867
88.2226
87.5833
86.8527
85.9056
84.7664
83.6035
82.5275
81.4705
80.3136
79.0388
77.7281
76.4046
75.0576
73.6528
72.2685
71.0641
70.1216
69.429
68.9068
68.4983
68.1913
72.3625
78.2489
78.3326
78.5543
78.8691
79.2582
79.6131
79.8525
79.9366
79.8479
79.5849
79.1959
78.7167
78.2628
77.8729
77.5005
77.141
76.7737
76.3977
76.0002
75.5843
75.1096
74.5837
74.0273
73.4355
72.8078
72.1517
71.5
70.8774
70.3111
69.8483
69.5245
69.3738
69.5028
70.0056
70.8661
72.0023
73.3521
74.8796
76.5631
78.3528
80.22
82.1113
83.9993
85.8532
87.6423
89.3326
90.8986
92.327
93.6156
94.756
95.7424
96.5676
97.2608
97.8251
98.2755
98.6521
99.066
99.5439
99.9882
100.353
100.581
100.65
100.569
100.347
99.9914
99.5006
98.8862
98.1578
97.3237
96.4056
95.4119
94.3724
93.3155
92.251
91.2036
90.2415
89.3267
88.4305
87.5322
86.6261
85.7011
84.7605
83.8026
82.8313
81.8505
80.86
79.9167
79.1498
78.5674
78.0584
77.5465
77.022
76.4494
75.7782
75.0048
74.1165
73.1154
71.9942
70.7626
69.437
68.0311
66.585
65.1445
63.7769
62.4945
61.2655
60.098
59.0399
58.0912
57.2608
56.5847
56.1938
55.8752
55.6187
55.462
55.2944
55.0881
54.8284
54.5278
61.3925
64.9082
64.4681
63.9667
63.4614
62.9865
62.4915
61.9246
61.2732
60.5491
59.7539
58.9018
58.0332
57.1845
56.3877
55.7058
55.1996
54.855
54.6318
54.5238
54.5835
55.0505
55.9849
57.115
58.3988
59.8667
61.5685
63.5646
65.9273
68.7139
71.9617
75.6943
79.8982
84.5312
89.5076
94.7194
100.045
105.353
110.521
115.43
119.995
124.154
127.885
131.159
134.005
136.433
138.337
139.805
141.539
143.249
144.469
145.1
145.076
144.35
142.972
140.944
138.351
135.566
132.854
130.282
127.809
125.537
123.462
121.666
120.185
119.196
118.633
118.325
118.11
117.919
117.629
117.196
116.647
115.964
115.167
114.354
113.644
113.257
113.195
113.454
114.081
115.086
116.429
117.991
119.571
121.13
122.628
124.055
125.375
126.579
127.651
128.563
129.362
130.055
130.614
130.945
131.035
130.923
130.748
130.611
130.395
129.971
129.256
128.538
127.981
127.647
127.449
127.283
127.061
126.788
126.384
125.832
125.128
124.29
123.323
122.227
121.042
119.826
118.781
117.909
117.043
116.085
115
113.77
112.382
110.856
109.201
107.435
105.586
103.703
101.837
100.061
98.5199
97.22
96.037
94.9264
94.0528
93.4236
92.8568
92.2759
91.6261
90.8673
89.9759
88.9387
87.7639
86.4543
85.0361
83.5406
82.0096
80.4812
78.9911
77.963
77.1111
76.1639
75.1221
73.9303
72.5815
71.123
69.5031
67.7344
65.8445
63.8419
61.8383
60.0431
58.4877
57.0379
55.7724
54.8558
54.2846
53.8819
53.5575
53.2692
52.9537
52.6165
52.2473
51.8878
51.6434
51.502
51.4361
51.3852
51.2724
51.1052
50.922
50.7887
50.7715
50.8619
51.1225
51.5338
52.003
52.4264
52.7741
53.0255
53.175
53.2224
53.1942
53.1088
53.0217
52.9872
53.0281
53.2401
53.6441
54.0965
54.5742
55.0391
55.4642
55.8467
56.18
56.4669
56.6938
56.8559
56.9677
57.0287
57.0509
57.0592
57.0664
57.1093
57.2087
57.3745
57.535
57.6403
57.6944
57.6965
57.6618
57.6096
57.5499
57.5051
57.4877
57.491
57.5153
57.5486
57.6027
57.6765
57.7583
57.8367
57.9123
57.9832
58.0557
58.1321
58.2179
58.2652
58.2567
58.1948
58.0829
57.9158
57.7008
57.444
57.1495
56.8243
56.4789
56.1295
55.7842
55.4659
55.1981
55.0398
54.9771
54.9028
54.8098
54.6977
54.571
54.4307
54.2734
54.0983
53.9034
53.6906
53.461
53.2149
52.9538
52.6745
52.3802
52.0714
51.7478
51.4138
51.0673
50.7126
50.3508
49.9783
49.5944
49.1977
48.7874
48.3652
47.9305
47.488
47.0482
46.6238
46.2301
45.8689
45.5369
45.2258
44.9275
44.6352
44.3464
44.0612
43.7762
43.4877
43.1848
42.8634
42.5201
42.1521
41.7664
41.3612
40.9326
40.479
40.0055
39.5149
39.0088
38.4913
37.966
37.4438
36.9207
36.4058
35.912
35.4477
35.0312
34.6603
34.3469
34.0601
33.7981
33.5609
33.3482
33.152
32.9632
32.7916
32.6304
32.4874
32.3525
32.2343
32.1283
32.0438
31.9742
31.9267
31.8924
31.8739
31.8753
31.882
31.8995
31.9261
31.9526
31.9844
32.0141
32.0399
32.0612
32.0798
32.0913
32.0929
32.0832
32.0641
32.0305
31.9856
31.9225
31.8454
31.7564
31.6509
31.5312
31.4008
31.261
31.1147
30.9535
30.7871
30.6159
30.4392
30.2623
30.0845
29.9135
29.744
29.5819
29.4252
29.2819
29.1477
29.0276
28.9212
28.8347
28.789
28.8112
28.9155
29.1087
29.3245
29.5359
29.7402
29.9367
30.128
30.3126
30.4833
30.6349
30.7688
30.8862
30.9876
31.0733
31.1475
31.2089
31.2549
31.2826
31.2946
31.2917
31.272
31.2351
31.1814
31.1116
31.026
30.9248
30.8084
30.6768
30.5321
30.3766
30.2153
30.0555
29.9004
29.7536
29.6206
29.4977
29.385
29.2789
29.1745
29.0687
28.9608
28.8496
28.7353
28.6169
28.495
28.372
28.2436
28.1101
27.9705
27.8266
27.677
27.5233
27.3659
27.2046
27.0402
26.875
26.7098
26.5453
26.3781
26.2037
26.0224
25.8344
25.6393
25.4371
25.2288
25.0145
24.7948
24.5689
24.3383
24.1027
23.8623
23.6186
23.3712
23.1213
22.8688
22.6135
22.3565
22.0975
21.841
21.5932
21.3601
21.1487
20.9579
20.7876
20.6341
20.4981
20.381
20.2791
20.191
20.1177
20.0577
20.0085
19.9694
19.9409
19.9189
19.9039
19.8961
19.8941
19.8987
19.9103
19.9356
19.9944
20.0797
20.1743
20.2793
20.3874
20.492
20.5891
20.6817
20.7693
20.8493
20.9241
20.994
21.0567
21.1117
21.162
21.2055
21.2407
21.2672
21.2871
21.3026
21.313
21.3167
21.3154
21.3123
21.3045
21.2916
21.2763
21.2589
21.2379
21.2149
21.1888
21.1585
21.1261
21.0911
21.0521
21.0093
20.9622
20.9107
20.8542
20.7932
20.7291
20.6599
20.5865
20.5089
20.4276
20.3414
20.2507
20.1575
20.0611
19.9609
19.8582
19.7523
19.6444
19.5345
19.4216
19.3078
19.1933
19.077
18.9605
18.8418
18.7228
18.6053
18.4878
18.372
18.258
18.1426
18.0273
17.9132
17.798
17.683
17.5677
17.4498
17.331
17.2119
17.0913
16.9703
16.8484
16.7255
16.6002
16.4741
16.3473
16.2196
16.0907
15.9613
15.8311
15.7003
15.5694
15.438
15.3064
15.1743
15.0428
14.9109
14.779
14.6467
14.5154
14.3844
14.2544
14.1252
13.9971
13.8702
13.7454
13.6236
13.5037
13.3855
13.2684
13.1524
13.0378
12.926
12.817
12.7097
12.6041
12.4991
12.3953
12.2921
12.1879
12.0831
11.9773
11.8701
11.762
11.6529
11.543
11.4319
11.3201
11.2089
11.1007
11.0035
10.9166
10.8372
10.7649
10.7009
10.6444
10.5941
10.5512
10.5145
10.4848
10.4601
10.4426
10.4298
10.4219
10.4195
10.422
10.4313
10.4462
10.4652
10.4881
10.5139
10.544
10.5769
10.6152
10.6584
10.7087
10.7701
10.8418
10.9171
10.9973
11.0791
11.1592
11.2375
11.3138
11.3882
11.4607
11.5311
11.5994
11.6659
11.7305
11.793
11.8536
11.9126
11.9696
12.024
12.0766
12.1269
12.1749
12.2203
12.2634
12.3039
12.342
12.3775
12.4106
12.4408
12.4687
12.494
12.5166
12.5366
12.5539
12.5683
12.5798
12.5886
12.5946
12.598
12.5985
12.5964
12.5915
12.584
12.5738
12.5607
12.5453
12.5275
12.5072
12.4843
12.459
12.4311
12.4008
12.368
12.3331
12.2959
12.2563
12.215
12.1732
12.1317
12.0895
12.0459
12.001
11.9539
11.9041
11.8515
11.796
11.7379
11.6771
11.6134
11.547
11.4775
11.4049
11.3291
11.2504
11.1689
11.0842
10.9966
10.9061
10.8127
10.7162
10.6166
10.514
10.4086
10.3003
10.189
10.0748
9.95779
9.8381
9.71572
9.59099
9.46381
9.33411
9.20202
9.06764
8.931
8.79232
8.65184
8.50979
8.36637
8.22171
8.07563
7.92844
7.78009
7.63115
7.48157
7.33257
7.1839
7.03537
6.88663
6.73756
6.58819
6.43936
6.29095
6.14345
5.99682
5.85219
5.71183
5.57899
5.45063
5.32638
5.20659
5.09188
4.98268
4.87961
4.78136
4.68662
4.59573
4.50773
4.42266
4.34038
4.26038
4.1831
4.10886
4.03769
3.96883
3.903
3.84026
3.78229
3.73588
3.71065
3.70959
3.72895
3.76126
3.79726
3.83597
3.87737
3.92013
3.96389
4.00876
4.0548
4.10151
4.14894
4.19734
4.246
4.29503
4.34439
4.39409
4.44425
4.49477
4.54527
4.59574
4.64614
4.69654
4.74712
4.79824
4.8504
4.90387
4.95703
5.00875
5.05899
5.10796
5.15575
5.20232
5.24691
5.28918
5.3293
5.36739
5.40356
5.43815
5.471
5.50168
5.53013
5.55626
5.57988
5.60108
5.62019
5.63694
5.6514
5.66372
5.67379
5.68161
5.68715
5.69072
5.69222
5.69158
5.68895
5.68438
5.67811
5.67001
5.66023
5.64869
5.63558
5.62082
5.60452
5.58681
5.56772
5.54727
5.52531
5.50199
5.47724
5.45133
5.42428
5.39607
5.36676
5.33662
5.30557
5.27391
5.24245
5.21102
5.17946
5.14758
5.11547
5.0829
5.04997
5.01659
4.98294
4.949
4.9147
4.88018
4.84577
4.8113
4.7768
4.74229
4.708
4.67391
4.6404
4.60734
4.57498
4.54351
4.5127
4.48269
4.45349
4.42541
4.39812
4.37174
4.34645
4.32218
4.29841
4.27507
4.25224
4.2297
4.20721
4.18475
4.16216
4.13936
4.11626
4.09303
4.06959
4.04598
4.022
3.99775
3.97309
3.94796
3.92238
3.89635
3.86979
3.84264
3.81495
3.78666
3.75778
3.72833
3.69822
3.66757
3.63631
3.60443
3.5719
3.53878
3.50504
3.47063
3.43549
3.39973
3.3633
3.32619
3.28849
3.25032
3.21157
3.17214
3.13213
3.09151
3.05037
3.00862
2.96633
2.9235
2.88003
2.836
2.79139
2.74624
2.70047
2.65411
2.60727
2.55994
2.51207
2.46369
2.41492
2.36579
2.31618
2.26618
2.2164
2.16692
2.11759
2.06873
2.02011
1.97204
1.92477
1.87831
1.83271
1.78819
1.74498
1.70336
1.66358
1.62589
1.59075
1.55759
1.5261
1.49621
1.46816
1.44172
1.41726
1.39476
1.37425
1.35534
1.33792
1.32195
1.30733
1.29421
1.28338
1.27493
1.2687
1.26464
1.26338
1.26668
1.27329
1.28208
1.29293
1.30506
1.31845
1.33297
1.34902
1.36639
1.38498
1.40486
1.42599
1.44822
1.47109
1.49459
1.51872
1.54365
1.56955
1.59666
1.62409
1.65116
1.67773
1.70386
1.72946
1.75464
1.77938
1.80369
1.8275
1.85084
1.8737
1.89608
1.91803
1.93954
1.96067
1.98139
2.00166
2.0215
2.04098
2.06007
2.07864
2.09662
2.11397
2.13069
2.14678
2.1622
2.17693
2.19101
2.20439
2.21707
2.22904
2.24035
2.25101
2.26099
2.2703
2.27893
2.2869
2.29425
2.30097
2.30711
2.3129
2.31837
2.3235
2.32831
2.33253
2.33604
2.33884
2.34088
2.34219
2.34275
2.34256
2.34162
2.33994
2.33751
2.33432
2.33041
2.32579
2.32045
2.3144
2.30765
2.30022
2.2921
2.28328
2.2738
2.26371
2.25311
2.24205
2.23052
2.2186
2.20623
2.19338
2.18
2.16612
2.15167
2.13666
2.1211
2.10502
2.08845
2.0714
2.0539
2.03601
2.01774
1.99908
1.98005
1.96062
1.94078
1.92056
1.89996
1.87901
1.8577
1.83602
1.81398
1.79161
1.76889
1.74584
1.72249
1.69886
1.67496
1.65079
1.62634
1.60163
1.57667
1.5515
1.52612
1.50052
1.47472
1.44874
1.4226
1.39635
1.37007
1.34381
1.31771
1.29186
1.26637
1.24138
1.21692
1.19301
1.16964
1.14675
1.1244
1.10266
1.08156
1.0612
1.04168
1.02309
1.00531
0.988251
0.971918
0.956247
0.941208
0.926854
0.91304
0.899751
0.886905
0.874528
0.862618
0.8511
0.839959
0.829244
0.81892
0.80908
0.799693
0.790725
0.782206
0.774182
0.766845
0.760503
0.754891
0.749994
0.745884
0.742634
0.740516
0.739399
0.73914
0.739577
0.740586
0.742214
0.744422
0.74709
0.750236
0.753945
0.758092
0.762793
0.767921
0.773527
0.779686
0.786418
0.793628
0.80139
0.809772
0.81877
0.828788
0.839331
0.849986
0.860658
0.871367
0.882034
0.892695
0.903312
0.913859
0.924326
0.934711
0.945024
0.955196
0.965242
0.975161
0.984977
0.994686
1.00424
1.01369
1.02297
1.03204
1.04086
1.04939
1.0576
1.06544
1.07291
1.07999
1.08669
1.09299
1.09892
1.10446
1.10961
1.11437
1.11898
1.12363
1.12816
1.13245
1.13645
1.14013
1.14344
1.14636
1.14892
1.15108
1.15286
1.15427
1.15529
1.15595
1.15624
1.15617
1.15573
1.15493
1.15376
1.15223
1.15033
1.14808
1.14548
1.14252
1.13921
1.13556
1.13158
1.12725
1.12258
1.11758
1.11226
1.10662
1.10067
1.0944
1.08784
1.08098
1.07381
1.06636
1.05863
1.05067
1.04252
1.03417
1.02561
1.01683
1.00784
0.998641
0.989257
0.979684
0.969939
0.960008
0.949908
0.939641
0.929227
0.918673
0.907972
0.897154
0.886258
0.875324
0.864401
0.853537
0.842802
0.832183
0.821606
0.810965
0.800236
0.789432
0.778572
0.767652
0.756743
0.746048
0.735787
0.72603
0.716737
0.707749
0.699041
0.690572
0.682402
0.674622
0.667284
0.660361
0.653803
0.64764
0.641886
0.636533
0.631629
0.62719
0.623253
0.619909
0.617105
0.61475
0.612817
0.611286
0.610073
0.609141
0.608433
0.60795
0.607728
0.607709
0.607832
0.608108
0.608579
0.609224
0.60997
0.610844
0.611798
0.612847
0.614
0.615201
0.6164
0.617679
0.618948
0.62021
0.621486
0.622717
0.623981
0.625236
0.626463
0.627632
0.628776
0.629924
0.631029
0.632101
0.633084
0.633944
0.634692
0.63536
0.636035
0.636612
0.637118
0.637505
0.637746
0.637887
0.637975
0.637982
0.637882
0.637652
0.637365
0.637032
0.636583
0.636016
0.635367
0.634657
0.633851
0.632957
0.631956
0.630921
0.629789
0.628572
0.627241
0.625853
0.624381
0.622808
0.621127
0.619363
0.617498
0.615517
0.613425
0.611226
0.608943
0.606562
0.604063
0.601473
0.59878
0.59608
0.593471
0.590869
0.588257
0.585593
0.582882
0.580088
0.577231
0.574325
0.571321
0.568267
0.565098
0.561882
0.558567
0.555175
0.551697
0.548173
0.544572
0.54092
0.537217
0.533482
0.529682
0.525879
0.522043
0.518192
0.514302
0.510386
0.506428
0.502406
0.498342
0.494218
0.490022
0.485789
0.481512
0.477198
0.472867
0.468498
0.464104
0.459719
0.455307
0.450862
0.446415
0.441929
0.437414
0.432883
0.428317
0.423734
0.419152
0.414542
0.409918
0.405313
0.400699
0.396088
0.391495
0.38693
0.382377
0.377844
0.373361
0.368934
0.364578
0.360344
0.35631
0.352799
0.349984
0.347651
0.3457
0.344051
0.34267
0.341537
0.340637
0.340001
0.339586
0.339349
0.339299
0.33939
0.339631
0.340009
0.340583
0.341328
0.342229
0.343287
0.344549
0.34597
0.347596
0.349375
0.351311
0.353395
0.355595
0.357865
0.360254
0.362692
0.365155
0.367624
0.37009
0.372529
0.374994
0.377438
0.379843
0.382232
0.384603
0.386934
0.38922
0.391441
0.393595
0.395679
0.397709
0.399698
0.401626
0.403481
0.405258
0.407007
0.408683
0.410283
0.411803
0.41325
0.414601
0.415896
0.417108
0.418232
0.419264
0.420177
0.420975
0.421692
0.422317
0.422849
0.423284
0.423629
0.423874
0.424021
0.424049
0.423972
0.42379
0.423518
0.423174
0.422741
0.422207
0.42159
0.420876
0.420087
0.419198
0.418247
0.417224
0.416149
0.415003
0.413784
0.41252
0.411183
0.40981
0.408394
0.406925
0.405408
0.403824
0.402173
0.400463
0.398688
0.396845
0.395003
0.393136
0.39121
0.38924
0.38722
0.385165
0.383053
0.380888
0.378672
0.376406
0.374091
0.371725
0.3693
0.366835
0.364349
0.36182
0.359223
0.356553
0.353818
0.351011
0.348135
0.345186
0.342167
0.339095
0.335969
0.332781
0.329531
0.32622
0.322862
0.319447
0.315981
0.31247
0.308923
0.30533
0.301693
0.298023
0.294307
0.290565
0.286795
0.282986
0.279146
0.275272
0.271374
0.267459
0.26353
0.259574
0.255607
0.251629
0.247651
0.243667
0.239683
0.235692
0.231721
0.227758
0.223814
0.219877
0.215996
0.212388
0.20899
0.205731
0.202602
0.199583
0.196689
0.193933
0.191339
0.188912
0.186622
0.184485
0.182495
0.180669
0.179022
0.177576
0.176295
0.175169
0.174166
0.173296
0.172567
0.17197
0.171519
0.171179
0.170977
0.170864
0.170845
0.170932
0.17109
0.171323
0.171667
0.172107
0.172647
0.173331
0.17414
0.175059
0.176083
0.177221
0.178508
0.18
0.181598
0.18326
0.184946
0.186665
0.188419
0.190239
0.192063
0.193854
0.195625
0.197367
0.199082
0.200749
0.202381
0.203968
0.205501
0.206984
0.208419
0.2098
0.211116
0.212374
0.213575
0.214718
0.215791
0.216805
0.217763
0.21866
0.219489
0.220254
0.220953
0.221581
0.222144
0.222638
0.223061
0.223423
0.223723
0.223954
0.224116
0.22421
0.22424
0.224202
0.224107
0.223945
0.223716
0.223422
0.223065
0.222652
0.222183
0.221652
0.221057
0.220402
0.219686
0.218909
0.218088
0.21721
0.216289
0.215332
0.214328
0.213287
0.212217
0.211112
0.209967
0.208783
0.207566
0.206301
0.204994
0.203646
0.202261
0.200835
0.199374
0.19788
0.196354
0.194792
0.193202
0.191584
0.189945
0.18829
0.186622
0.18494
0.18324
0.18152
0.179787
0.178043
0.176295
0.174522
0.172735
0.170927
0.1691
0.167249
0.165391
0.163529
0.161664
0.159794
0.157918
0.156035
0.154139
0.152238
0.150332
0.148425
0.146519
0.144615
0.142712
0.140812
0.138948
0.137165
0.135481
0.13384
0.132234
0.130661
0.129118
0.127604
0.12611
0.124637
0.12318
0.121748
0.120334
0.118946
0.117581
0.116231
0.114891
0.113575
0.11228
0.111001
0.109736
0.108498
0.107275
0.106072
0.104889
0.10372
0.10257
0.101443
0.100326
0.0992245
0.0981371
0.0970677
0.0960116
0.0949803
0.0939667
0.0929639
0.0919789
0.0910256
0.0900945
0.0891851
0.0882992
0.0874398
0.0866059
0.0858032
0.0850364
0.0843135
0.0836496
0.083059
0.08253
0.0820629
0.0816678
0.081349
0.0810902
0.0808874
0.0807188
0.0805869
0.0804829
0.0803959
0.0803314
0.0802875
0.0802515
0.0802334
0.080233
0.0802672
0.0803681
0.0805246
0.0807264
0.0809746
0.0812829
0.0816805
0.0822107
0.0828166
0.083425
0.0840311
0.0846292
0.0852206
0.0858054
0.0863842
0.086965
0.0875481
0.0881084
0.0886388
0.0891435
0.0896193
0.0900681
0.090491
0.0908833
0.09125
0.0915928
0.0919113
0.0922019
0.092467
0.092702
0.0929091
0.0930871
0.0932366
0.0933531
0.0934386
0.093495
0.0935248
0.0935233
0.0934962
0.0934385
0.093354
0.0932426
0.0931046
0.0929402
0.0927502
0.0925369
0.092301
0.092047
0.0917722
0.0914794
0.0911708
0.0908432
0.0904983
0.0901324
0.0897459
0.0893397
0.0889198
0.0884915
0.0880535
0.0876079
0.0871551
0.0866975
0.0862505
0.0858326
0.0854325
0.0850471
0.0846799
0.0843289
0.0839925
0.0836674
0.0833487
0.0830368
0.0827326
0.0824337
0.0821391
0.0818494
0.081564
0.0812846
0.0810077
0.0807368
0.0804713
0.0802109
0.0799554
0.0797112
0.0794764
0.0792455
0.0790157
0.0787926
0.0785754
0.0783598
0.0781456
0.0779351
0.0777206
0.0775035
0.0772784
0.0770433
0.0767983
0.076544
0.0762763
0.0759966
0.0757076
0.0754067
0.0750915
0.0747617
0.0744173
0.0740575
0.0736824
0.0732935
0.0728894
0.0724715
0.0720421
0.0716047
0.0711632
0.0707145
0.0702532
0.0697785
0.0692897
0.0687886
0.0682756
0.0677489
0.0672082
0.0666543
0.0660871
0.0655042
0.0649075
0.064296
0.0636687
0.0630272
0.0623704
0.0616992
0.0610139
0.0603137
0.0595992
0.0588712
0.0581289
0.0573721
0.0566018
0.0558174
0.0550195
0.0542085
0.0533852
0.0525481
0.0516988
0.0508391
0.049968
0.0490857
0.0481929
0.0472891
0.0463751
0.0454518
0.0445195
0.043578
0.0426277
0.0416744
0.0407173
0.0397549
0.0387895
0.0378208
0.0368489
0.0358815
0.0349524
0.0341174
0.0334202
0.0327908
0.0322002
0.0316369
0.031098
0.0305854
0.0301083
0.0296649
0.029251
0.0288603
0.0284889
0.0281396
0.0278107
0.0275069
0.0272275
0.0269755
0.0267586
0.0265858
0.0264538
0.0263538
0.0262752
0.0262179
0.0261796
0.0261601
0.0261473
0.0261389
0.0261324
0.0261328
0.0261481
0.0261839
0.0262591
0.0263706
0.0265163
0.0266925
0.0268978
0.0271411
0.0274144
0.0277281
0.0280808
0.0284513
0.0288353
0.0292259
0.0296242
0.0300296
0.0304431
0.030867
0.0313004
0.0317455
0.0322
0.0326643
0.0331456
0.0336423
0.0341518
0.0346658
0.0351711
0.035666
0.0361505
0.0366241
0.037087
0.03754
0.0379816
0.038411
0.0388295
0.0392366
0.0396323
0.0400144
0.0403845
0.0407436
0.0410898
0.041422
0.041738
0.042038
0.0423222
0.0425904
0.0428428
0.0430793
0.0433017
0.0435096
0.043704
0.0438839
0.0440497
0.0442006
0.0443366
0.0444572
0.0445621
0.0446517
0.0447257
0.0447842
0.0448276
0.0448566
0.0448711
0.044872
0.0448637
0.0448553
0.0448398
0.044814
0.0447771
0.0447285
0.0446689
0.0445987
0.044518
0.044426
0.0443216
0.0442043
0.0440747
0.0439312
0.0437738
0.0436025
0.0434176
0.0432195
0.043008
0.0427837
0.0425471
0.0422977
0.0420361
0.041763
0.0414785
0.0411829
0.0408755
0.0405572
0.0402279
0.0398878
0.039537
0.0391757
0.0388043
0.0384223
0.0380306
0.0376293
0.0372184
0.0367987
0.0363697
0.0359315
0.0354851
0.0350304
0.0345677
0.0340969
0.0336184
0.0331325
0.0326399
0.0321405
0.0316347
0.0311223
0.0306038
0.0300796
0.02955
0.0290154
0.0284761
0.027932
0.0273836
0.0268313
0.0262754
0.0257162
0.0251545
0.0245912
0.0240286
0.0234675
0.0229085
0.0223525
0.0217978
0.0212443
0.020692
0.0201408
0.0195918
0.0190448
0.0185006
0.0179603
0.017425
0.0168928
0.0163663
0.0158521
0.0153579
0.0148918
0.0144501
0.0140437
0.013684
0.0133725
0.0131066
0.01289
0.0127162
0.0125801
0.0124746
0.0123954
0.012342
0.012313
0.012308
0.0123245
0.0123627
0.0124216
0.0124985
0.0125907
0.012696
0.0128148
0.0129446
0.0130843
0.013235
0.0133939
0.0135616
0.0137366
0.0139161
0.0141009
0.0142868
0.0144773
0.014669
0.0148609
0.0150548
0.015254
0.0154522
0.0156511
0.01585
0.016048
0.0162471
0.0164452
0.0166427
0.0168386
0.0170345
0.0172298
0.0174235
0.0176174
0.0178096
0.0180011
0.0181925
0.0183846
0.0185795
0.0187682
0.0189515
0.0191295
0.0193013
0.0194671
0.0196263
0.01978
0.0199272
0.0200683
0.0202038
0.0203328
0.0204565
0.0205749
0.0206879
0.0207947
0.0208946
0.0209875
0.0210735
0.0211532
0.0212252
0.0212907
0.0213498
0.0214023
0.0214479
0.0214872
0.0215194
0.0215453
0.0215704
0.0215988
0.0216271
0.0216493
0.0216647
0.0216734
0.0216744
0.0216682
0.0216547
0.0216339
0.0216059
0.0215708
0.0215286
0.0214794
0.0214232
0.0213605
0.0212906
0.0212139
0.0211306
0.0210407
0.0209444
0.0208417
0.0207326
0.0206173
0.0204958
0.0203681
0.0202344
0.0200947
0.0199492
0.019798
0.0196411
0.0194786
0.0193108
0.0191377
0.0189593
0.0187758
0.0185874
0.0183942
0.0181962
0.0179937
0.0177867
0.0175754
0.0173599
0.0171404
0.0169171
0.0166903
0.0164605
0.0162277
0.0159925
0.0157556
0.0155177
0.0152792
0.0150394
0.0147982
0.0145558
0.0143122
0.0140675
0.0138221
0.0135764
0.0133298
0.0130826
0.0128356
0.0125895
0.0123447
0.0121018
0.0118613
0.0116246
0.0113934
0.0111732
0.0109738
0.0107961
0.0106365
0.0104909
0.0103565
0.0102317
0.0101163
0.0100099
0.00991256
0.00982443
0.00974696
0.00968017
0.00962383
0.00957811
0.00954248
0.00951861
0.00950641
0.00950515
0.00951492
0.00953403
0.00956333
0.00959962
0.00964275
0.00969509
0.00975281
0.00981482
0.00988063
0.0099492
0.0100194
0.0100935
0.0101686
0.0102448
0.0103224
0.0104002
0.0104789
0.0105583
0.010637
0.0107169
0.0107965
0.0108757
0.010955
0.0110341
0.0111128
0.0111906
0.0112672
0.0113435
0.011419
0.0114936
0.0115656
0.0116358
0.0117045
0.0117716
0.0118379
0.0119028
0.0119662
0.0120269
0.0120855
0.0121413
0.0121955
0.0122468
0.0122951
0.0123404
0.0123833
0.0124235
0.0124618
0.0124969
0.0125289
0.0125574
0.0125838
0.0126074
0.0126284
0.0126461
0.0126606
0.0126725
0.0126818
0.0126883
0.0126914
0.0126918
0.0126888
0.0126829
0.0126739
0.0126617
0.0126463
0.0126273
0.0126051
0.0125801
0.0125549
0.0125291
0.0125023
0.012474
0.0124439
0.0124116
0.0123767
0.0123394
0.0122991
0.012256
0.0122103
0.0121613
0.0121099
0.0120558
0.0119987
0.0119388
0.0118765
0.0118108
0.0117429
0.0116723
0.0115988
0.0115233
0.0114447
0.011364
0.0112802
0.0111944
0.0111061
0.0110158
0.0109232
0.0108282
0.0107314
0.0106321
0.010531
0.0104275
0.0103225
0.0102156
0.0101071
0.00999662
0.00988484
0.00977136
0.00965637
0.00953996
0.0094223
0.00930338
0.00918331
0.0090622
0.00894018
0.00881701
0.00869308
0.00856838
0.00844304
0.0083173
0.00819117
0.00806485
0.00793865
0.0078128
0.00768738
0.00756218
0.00743805
0.00731479
0.00719207
0.00707019
0.00695028
0.00683874
0.00673937
0.00664877
0.0065666
0.00649503
0.00643285
0.00637762
0.00632769
0.00628231
0.00624253
0.00620738
0.00617723
0.00615177
0.00613183
0.00611665
0.00610639
0.00610191
0.00610235
0.00610793
0.0061183
0.00613333
0.00615213
0.00617531
0.00620308
0.00623509
0.00627072
0.00631064
0.00635477
0.00640229
0.00645363
0.00650824
0.00656637
0.0066272
0.00669
0.00675486
0.00682164
0.0068901
0.006958
0.00702567
0.00709337
0.00716047
0.00722701
0.00729264
0.00735746
0.00742108
0.00748375
0.00754496
0.00760505
0.00766345
0.00772044
0.00777569
0.0078294
0.00788086
0.00793019
0.00797723
0.00802243
0.00806559
0.00810693
0.00814603
0.00818297
0.00821758
0.00824947
0.00827852
0.00830512
0.00832942
0.0083522
0.00837263
0.00839092
0.00840717
0.00842096
0.00843195
0.00844018
0.00844589
0.00844944
0.00845078
0.00845021
0.00844698
0.00844136
0.00843342
0.00842309
0.00841036
0.00839551
0.00837841
0.00835926
0.00833829
0.0083152
0.00829009
0.00826269
0.00823318
0.00820243
0.00817071
0.00813845
0.00810534
0.00807095
0.00803547
0.00799905
0.00796157
0.00792352
0.00788473
0.00784514
0.00780428
0.00776248
0.00771978
0.00767625
0.00763151
0.0075859
0.0075391
0.00749152
0.00744282
0.00739266
0.00734072
0.0072874
0.00723232
0.00717572
0.00711768
0.00705805
0.00699693
0.00693437
0.00687073
0.00680586
0.00673959
0.0066722
0.00660358
0.00653361
0.00646275
0.00639053
0.00631728
0.00624309
0.00616795
0.0060917
0.0060146
0.00593647
0.00585779
0.00577801
0.00569759
0.00561658
0.00553475
0.00545231
0.00536916
0.00528549
0.00520118
0.00511667
0.00503204
0.00494693
0.00486179
0.00477759
0.00469441
0.0046144
0.00454166
0.00447358
0.00440881
0.00434672
0.0042871
0.00422992
0.00417465
0.00412159
0.00407085
0.004022
0.00397531
0.00393072
0.00388792
0.00384734
0.003809
0.00377334
0.00373998
0.00370908
0.00368113
0.00365611
0.00363383
0.00361422
0.00359731
0.00358238
0.0035697
0.00355942
0.00355092
0.00354462
0.00354014
0.00353795
0.00353817
0.00354047
0.00354488
0.00355118
0.00355934
0.00356873
0.0035793
0.00359101
0.00360323
0.0036163
0.00362992
0.00364421
0.00365931
0.0036749
0.00369133
0.0037089
0.00372785
0.00374892
0.00377213
0.00379776
0.00382634
0.00385792
0.00389162
0.00392555
0.00395972
0.00399353
0.00402708
0.00406032
0.00409353
0.00412596
0.00415732
0.00418726
0.00421602
0.00424325
0.00426922
0.00429377
0.00431691
0.00433856
0.00435855
0.00437699
0.00439397
0.00440944
0.00442353
0.0044362
0.00444748
0.00445727
0.00446576
0.00447292
0.00447857
0.00448277
0.00448564
0.00448733
0.0044878
0.00448739
0.00448576
0.00448298
0.00447907
0.00447386
0.00446744
0.00445982
0.00445092
0.00444083
0.00442955
0.00441698
0.00440315
0.00438823
0.0043721
0.00435478
0.00433645
0.00431722
0.00429694
0.00427552
0.00425312
0.00422978
0.00420541
0.00418013
0.00415394
0.00412689
0.00409884
0.00406986
0.00404002
0.00400928
0.00397767
0.00394516
0.0039118
0.00387777
0.00384287
0.0038072
0.00377091
0.00373398
0.00369644
0.00365825
0.0036196
0.00358051
0.00354082
0.00350065
0.00346024
0.00341953
0.0033786
0.00333741
0.00329613
0.00325465
0.00321291
0.00317072
0.00312832
0.00308623
0.00304432
0.00300269
0.00296158
0.00292276
0.00288636
0.00285198
0.00281892
0.00278691
0.00275589
0.00272594
0.00269685
0.0026686
0.00264128
0.00261494
0.00258951
0.00256493
0.00254149
0.00251879
0.00249706
0.00247611
0.00245596
0.00243651
0.00241749
0.00239901
0.00238097
0.00236348
0.00234631
0.00232963
0.00231343
0.00229745
0.00228182
0.00226647
0.00225166
0.00223722
0.00222306
0.00220944
0.0021961
0.00218296
0.00216992
0.00215715
0.00214458
0.00213207
0.00211929
0.00210639
0.00209341
0.0020802
0.00206676
0.00205301
0.00203919
0.00202523
0.00201105
0.00199685
0.00198258
0.00196831
0.00195407
0.00194008
0.0019262
0.00191258
0.0018994
