859.579
995.675
1040.38
1029.23
1015.02
992.459
947.794
879.67
810.532
743.984
679.007
619.887
566.372
519.24
477.997
442.96
412.63
386.517
364.051
345.782
330.601
316.945
304.508
292.661
281.093
269.693
258.332
247.204
235.919
225.101
215.362
207.871
205.774
207.728
211.294
215.65
220.5
225.787
231.509
237.555
243.787
250.428
257.528
265.022
272.862
280.896
289.178
297.542
306.181
315.28
324.787
334.598
344.478
354.317
364.126
373.685
382.352
389.93
396.163
401.177
405.498
409.535
413.649
417.862
421.497
424.39
426.138
426.514
425.366
423.163
420.34
416.892
413.175
409.174
405.253
401.643
398.185
394.77
391.203
387.314
383.262
379.081
374.678
370.425
367.399
365.458
363.955
362.533
361.12
359.877
358.954
358.383
358.4
359.409
361.609
364.858
368.81
373.298
378.388
384.322
391.133
398.038
404.803
411.434
417.907
424.337
430.687
436.875
442.886
448.728
454.496
460.049
465.31
470.132
474.458
478.348
481.925
485.416
488.612
491.461
493.94
495.894
497.372
498.473
499.608
500.845
501.894
502.245
501.741
500.353
498.091
494.877
490.779
486.115
480.929
475.327
469.41
463.336
457.107
450.7
444.22
437.778
431.758
426.118
421.19
416.749
413.089
410.41
408.631
406.89
404.879
402.538
399.792
396.62
393.099
389.702
386.698
383.983
380.994
377.619
374.002
370.262
366.341
362.309
358.822
357.506
357.792
358.633
359.498
360.182
360.812
361.317
361.721
362.068
362.431
362.95
363.606
364.368
365.173
366.056
366.904
367.761
368.623
369.394
370.011
370.385
370.409
370.007
369.143
367.738
365.792
370.613
380.602
382.467
381.842
382.653
380.896
378.79
376.422
374.707
373.598
372.82
372.261
371.996
372.084
372.598
373.856
375.225
376.511
377.531
378.28
378.71
378.886
378.805
378.46
377.867
377.111
376.216
375.213
374.005
372.55
370.933
369.107
367.109
364.954
362.724
360.521
358.325
356.049
353.68
351.227
348.749
346.305
344.089
342.218
340.589
339.132
337.868
336.686
335.5
334.393
333.494
332.814
332.099
331.253
330.227
329.123
328.148
327.322
326.753
326.435
326.219
326.007
325.712
325.37
325.147
324.838
324.393
323.81
323.108
322.341
321.504
320.573
319.573
320.277
319.439
318.399
317.288
316.223
315.256
314.671
314.825
316.673
317.955
319.55
321.342
323.166
325.008
326.764
328.602
332.584
335.51
338.996
343.268
347.615
351.745
355.695
359.601
363.312
366.844
370.347
373.82
377.455
380.959
384.259
387.324
391.501
394.488
396.837
398.697
400.321
401.549
402.513
403.283
403.989
404.518
404.98
405.202
405.135
404.84
404.313
403.659
402.962
402.215
401.424
400.547
401.111
400.303
399.392
398.346
397.164
395.69
394.129
392.551
390.788
388.937
386.89
384.642
382.315
380.451
378.958
378.556
377.479
376.06
374.385
372.626
372.292
370.66
368.743
366.772
364.699
362.442
360.11
357.702
355.22
352.575
351.074
348.168
345.052
341.958
338.792
335.614
332.763
330.328
328.102
326.181
324.767
325.553
326.064
327.04
328.693
330.869
332.926
334.833
336.638
338.096
339.367
340.362
342.308
342.875
343.03
342.942
343.124
343.473
344.022
344.709
345.45
346.076
346.757
347.297
348.837
349.239
349.179
348.894
348.511
348.016
347.432
347.148
346.985
346.905
346.861
346.793
348.161
348.113
347.809
347.336
346.728
345.855
344.746
343.483
341.862
340.084
338.051
337.191
334.852
332.311
329.819
327.166
324.458
321.658
318.845
315.995
313.159
311.634
308.666
305.68
302.74
299.885
297.144
294.578
292.125
289.793
288.678
286.426
284.026
281.58
279.296
276.949
274.884
273.4
272.633
272.598
274.277
275.399
276.52
277.677
278.949
280.196
281.438
283.994
285.765
287.257
289.746
291.09
292.335
293.56
295.038
296.501
298.152
300.083
302.194
304.318
306.297
309.233
310.535
311.529
312.253
312.856
313.252
313.528
313.711
313.618
313.387
312.986
313.585
313.136
312.325
311.305
310.377
309.397
308.406
307.524
306.706
305.841
304.932
303.949
302.915
301.808
301.893
300.878
299.758
298.633
297.755
296.8
295.711
294.627
293.671
292.809
292.116
291.654
291.352
291.241
291.193
291.161
291.143
291.102
291.038
290.92
290.775
290.648
290.536
290.387
290.227
290.092
289.966
289.878
289.854
289.895
289.989
290.118
290.358
290.716
291.206
291.725
292.204
292.677
293.322
294.188
295.243
296.462
297.761
299.111
301.954
303.991
306.043
307.972
309.844
311.53
313.042
314.464
315.769
316.896
317.907
318.752
319.433
320
320.381
320.588
320.629
320.489
320.202
319.781
319.215
318.563
317.878
317.098
316.22
315.303
314.319
313.293
312.241
311.132
309.972
308.758
307.496
306.217
304.902
303.54
302.17
300.757
299.321
297.894
296.5
295.148
293.829
292.526
291.245
289.99
288.774
287.602
286.496
285.445
284.442
283.5
282.64
281.852
281.174
280.756
280.544
280.471
280.515
280.687
281.019
281.556
282.407
283.378
284.38
285.363
286.3
287.186
288.007
288.794
289.629
290.489
291.346
292.179
292.985
293.784
294.638
295.608
296.515
297.327
298.019
298.597
299.066
299.407
299.605
299.673
299.63
299.536
299.545
299.832
300.483
301.513
302.986
304.696
306.439
308.153
309.78
311.289
312.704
314.057
315.559
316.958
318.199
319.261
320.12
320.794
321.291
321.618
321.798
321.864
321.819
321.582
321.2
320.763
320.293
319.806
319.271
318.685
318.053
317.374
316.664
315.913
315.118
314.286
313.415
312.507
311.596
310.754
309.952
309.163
308.44
307.801
307.217
306.666
306.119
305.6
305.111
304.637
304.204
303.796
303.38
302.918
302.374
301.727
300.998
300.251
299.457
298.568
297.622
296.643
295.682
294.778
293.989
293.329
292.821
292.493
292.397
292.365
292.351
292.314
292.208
292.041
291.818
291.521
291.122
290.609
290.009
289.307
288.508
287.623
286.638
285.581
284.429
283.178
281.87
280.474
278.999
277.424
275.745
273.999
272.197
270.34
268.434
266.525
264.613
262.7
260.822
258.997
257.265
255.631
254.121
252.721
251.441
250.276
249.257
248.413
247.774
247.42
247.217
247.13
247.17
247.333
247.594
247.909
248.252
248.603
248.975
249.36
249.733
250.073
250.385
250.644
250.833
250.947
250.996
250.983
250.922
250.77
250.532
250.202
249.808
249.32
248.737
248.05
247.285
246.469
245.588
244.646
243.634
242.55
241.398
240.179
238.905
237.601
236.247
234.881
233.495
232.116
230.749
229.402
228.103
226.849
225.645
224.503
223.412
222.378
221.396
220.479
219.642
218.888
218.203
217.712
217.48
217.425
217.51
217.715
218.007
218.344
218.718
219.113
219.491
219.84
220.155
220.431
220.673
220.862
221.022
221.154
221.255
221.324
221.344
221.324
221.24
221.095
220.939
220.776
220.571
220.307
219.962
219.543
219.05
218.489
217.847
217.117
216.311
215.406
214.451
213.463
212.444
211.401
210.333
209.253
208.181
207.155
206.163
205.242
204.435
203.749
203.248
202.869
202.597
202.42
202.314
202.269
202.286
202.353
202.478
202.642
202.867
203.187
203.693
204.356
205.005
205.594
206.117
206.571
206.955
207.275
207.528
207.713
207.847
207.904
207.909
207.874
207.812
207.753
207.698
207.621
207.552
207.488
207.421
207.361
207.304
207.219
207.109
206.976
206.827
206.675
206.505
206.314
206.132
205.951
205.727
205.469
205.144
204.759
204.316
203.807
203.249
202.63
201.957
201.236
200.47
199.663
198.815
197.935
197.028
196.098
195.161
194.225
193.33
192.469
191.634
190.822
190.035
189.28
188.549
187.846
187.174
186.544
185.964
185.423
184.919
184.433
183.95
183.472
183
182.531
182.069
181.613
181.173
180.753
180.338
179.932
179.549
179.191
178.849
178.513
178.206
177.952
177.77
177.665
177.664
177.87
178.195
178.571
178.988
179.431
179.912
180.429
180.967
181.523
182.093
182.648
183.182
183.685
184.153
184.567
184.933
185.254
185.523
185.725
185.857
185.91
185.888
185.793
185.627
185.401
185.108
184.748
184.313
183.805
183.212
182.534
181.772
180.925
179.992
178.977
177.883
176.714
175.478
174.171
172.802
171.376
169.9
168.388
166.855
165.314
163.764
162.203
160.632
159.047
157.462
155.874
154.292
152.72
151.167
149.642
148.148
146.697
145.297
143.947
142.672
141.494
140.427
139.488
138.675
138.007
137.497
137.174
137.052
137.095
137.3
137.651
138.114
138.641
139.166
139.667
140.134
140.56
140.939
141.265
141.535
141.75
141.907
142.006
142.059
142.072
142.04
141.96
141.829
141.642
141.395
141.094
140.736
140.333
139.881
139.371
138.8
138.166
137.47
136.714
135.901
135.031
134.108
133.133
132.114
131.055
129.958
128.839
127.702
126.57
125.503
124.512
123.621
122.83
122.159
121.671
121.394
121.353
121.512
121.838
122.332
123.013
123.805
124.631
125.494
126.389
127.311
128.255
129.219
130.199
131.187
132.181
133.18
134.179
135.17
136.149
137.118
138.063
138.973
139.843
140.667
141.447
142.181
142.859
143.482
144.052
144.565
145.022
145.423
145.776
146.086
146.356
146.597
146.818
147.016
147.192
147.342
147.466
147.56
147.622
147.648
147.637
147.589
147.504
147.382
147.222
147.027
146.792
146.52
146.214
145.874
145.501
145.102
144.678
144.225
143.752
143.26
142.75
142.23
141.708
141.162
140.591
139.987
139.355
138.694
138.007
137.297
136.565
135.815
135.049
134.267
133.476
132.682
131.889
131.101
130.32
129.547
128.789
128.047
127.316
126.598
125.889
125.186
124.489
123.794
123.103
122.412
121.719
121.027
120.334
119.641
118.949
118.26
117.577
116.892
116.21
115.53
114.855
114.184
113.517
112.853
112.193
111.537
110.89
110.252
109.627
109.014
108.422
107.857
107.309
106.783
106.287
105.831
105.409
105.022
104.665
104.345
104.062
103.811
103.6
103.424
103.277
103.169
103.105
103.077
103.093
103.134
103.199
103.293
103.41
103.558
103.734
103.936
104.157
104.401
104.662
104.938
105.222
105.516
105.819
106.135
106.467
106.813
107.16
107.5
107.833
108.162
108.485
108.787
109.068
109.328
109.568
109.787
109.995
110.191
110.375
110.546
110.705
110.853
110.988
111.113
111.225
111.323
111.406
111.467
111.51
111.532
111.534
111.519
111.483
111.43
111.357
111.266
111.158
111.033
110.899
110.756
110.605
110.446
110.277
110.103
109.927
109.747
109.569
109.388
109.211
109.036
108.868
108.704
108.544
108.39
108.235
108.08
107.924
107.764
107.599
107.423
107.24
107.048
106.854
106.65
106.444
106.238
106.033
105.822
105.602
105.368
105.125
104.87
104.602
104.326
104.041
103.747
103.444
103.136
102.822
102.506
102.187
101.864
101.54
101.217
100.898
100.584
100.272
99.9625
99.6581
99.3564
99.0604
98.7771
98.5086
98.2461
97.9913
97.745
97.5036
97.2719
97.0466
96.8305
96.6228
96.4208
96.2218
96.0244
95.8303
95.6399
95.4512
95.2729
95.1048
94.952
94.8043
94.6622
94.5236
94.3882
94.2598
94.1394
94.0275
93.923
93.823
93.726
93.6266
93.522
93.4147
93.3001
93.1767
93.0496
92.9108
92.7612
92.6012
92.4277
92.2386
92.0322
91.8115
91.5737
91.3195
91.0488
90.7614
90.463
90.1491
89.8291
89.5027
89.1697
88.8368
88.4955
88.1442
87.7864
87.4314
87.0696
86.707
86.342
85.9705
85.5994
85.228
84.8517
84.4736
84.0906
83.704
83.32
82.9296
82.5337
82.1414
81.748
81.3639
80.9906
80.6194
80.2474
79.8796
79.5161
79.1605
78.8136
78.4697
78.14
77.8222
77.5172
77.2342
76.9753
76.738
76.5361
76.3752
76.2514
76.1533
76.0792
76.0215
75.9727
75.9399
75.9186
75.9068
75.9041
75.9154
75.9289
75.9476
75.9702
75.9966
76.0222
76.0519
76.0794
76.1046
76.1311
76.1564
76.1706
76.1706
76.1624
76.1474
76.119
76.0741
76.0193
75.9501
75.864
75.7622
75.6486
75.5147
75.3563
75.1757
74.9805
74.7684
74.5354
74.284
74.0193
73.7358
73.4355
73.118
72.7851
72.4414
72.082
71.7107
71.3285
70.9304
70.5196
70.1061
69.687
69.2595
68.8241
68.3897
67.9489
67.506
67.0661
66.6363
66.2156
65.8126
65.4288
65.0605
64.704
64.3649
64.053
63.7583
63.4811
63.2229
62.9781
62.7449
62.5262
62.3258
62.1372
61.9649
61.8023
61.654
61.5218
61.4032
61.2916
61.193
61.1055
61.0304
60.9751
60.9535
60.9732
61.0476
61.1834
61.3924
61.6488
61.933
62.2346
62.5549
62.8889
63.2283
63.5756
63.9308
64.2934
64.6646
65.0423
65.4294
65.826
66.2306
66.6396
67.0602
67.4869
67.9178
68.3545
68.7906
69.223
69.6534
70.084
70.5087
70.9261
71.3416
71.7479
72.1453
72.5324
72.9043
73.2593
73.6026
73.9336
74.2491
74.5525
74.839
75.1098
75.3655
75.6042
75.8311
76.0423
76.241
76.426
76.5924
76.7413
76.874
76.9934
77.102
77.1956
77.2721
77.3339
77.383
77.4171
77.438
77.4468
77.441
77.4202
77.3883
77.3446
77.2902
77.2249
77.1467
77.0578
76.9621
76.8622
76.759
76.657
76.5522
76.4489
76.35
76.2531
76.1537
76.0502
75.9429
75.8324
75.7217
75.6044
75.4801
75.3465
75.2078
75.067
74.9154
74.7551
74.5848
74.407
74.2213
74.0264
73.8211
73.6068
73.3817
73.1469
72.9049
72.6541
72.3981
72.1318
71.856
71.568
71.2746
70.9739
70.6641
70.346
70.0195
69.6872
69.3469
68.9981
68.6404
68.2771
67.9059
67.53
67.1446
66.7562
66.3601
65.959
65.5531
65.1434
64.7281
64.3182
63.9033
63.4858
63.0648
62.6458
62.2284
61.815
61.4058
61.0025
60.6065
60.2225
59.8509
59.4993
59.1693
58.8653
58.5907
58.3359
58.0969
57.8749
57.6663
57.4703
57.2846
57.1084
56.9408
56.7829
56.6341
56.492
56.3555
56.2261
56.1004
55.9774
55.8564
55.7389
55.6246
55.5104
55.3975
55.2853
55.1725
55.0599
54.9454
54.8303
54.7149
54.5952
54.4753
54.3547
54.2335
54.1118
53.9888
53.8661
53.7436
53.6208
53.4989
53.3793
53.2613
53.1463
53.0324
52.9223
52.8166
52.7136
52.6142
52.5185
52.4272
52.3399
52.2562
52.1754
52.1015
52.0335
51.973
51.9188
51.8699
51.8277
51.7883
51.749
51.7106
51.6728
51.6335
51.5936
51.5528
51.5095
51.4634
51.415
51.3615
51.3044
51.2423
51.1744
51.0997
51.0185
50.9307
50.8365
50.7366
50.6295
50.5153
50.3946
50.2678
50.1345
49.994
49.8494
49.6991
49.544
49.3846
49.2211
49.052
48.8783
48.7008
48.519
48.3326
48.143
47.9479
47.7483
47.5445
47.3365
47.1247
46.9085
46.6883
46.4652
46.2383
46.0106
45.7823
45.5562
45.3324
45.1109
44.8917
44.6765
44.4654
44.2608
44.0626
43.8753
43.6973
43.534
43.3861
43.2585
43.1442
43.0427
42.9534
42.8737
42.8068
42.7497
42.7015
42.6588
42.6222
42.5906
42.5634
42.5392
42.5178
42.4989
42.4835
42.4697
42.4573
42.446
42.4369
42.4288
42.4221
42.419
42.4161
42.4137
42.411
42.4086
42.4071
42.4068
42.4066
42.4066
42.4068
42.4074
42.4095
42.4145
42.4218
42.4329
42.4493
42.4696
42.4931
42.522
42.5553
42.5965
42.6466
42.7032
42.7664
42.8373
42.9131
42.9955
43.0833
43.175
43.2731
43.3742
43.4798
43.5899
43.7052
43.8223
43.9419
44.062
44.1814
44.3032
44.4259
44.5502
44.6752
44.8015
44.9306
45.0574
45.1833
45.3079
45.4312
45.5541
45.6758
45.7958
45.9144
46.03
46.1425
46.2518
46.357
46.4573
46.5533
46.6435
46.7286
46.8084
46.8836
46.9531
47.0169
47.0746
47.1269
47.1738
47.2152
47.2508
47.2804
47.304
47.3217
47.3323
47.3361
47.3343
47.3274
47.315
47.2973
47.2745
47.2476
47.2162
47.1797
47.1384
47.0923
47.0422
46.9886
46.93
46.8679
46.8031
46.7349
46.6648
46.5921
46.5182
46.4428
46.366
46.2882
46.2105
46.1344
46.0601
45.9895
45.9221
45.8586
45.7987
45.74
45.6828
45.6277
45.5726
45.5187
45.4661
45.4145
45.3636
45.3146
45.2664
45.2191
45.1736
45.1306
45.0901
45.0528
45.0184
44.9855
44.9538
44.9238
44.8948
44.8674
44.8433
44.8232
44.8026
44.7815
44.7584
44.733
44.7044
44.6723
44.6359
44.5969
44.5531
44.5053
44.4543
44.3991
44.3406
44.2785
44.2128
44.1426
44.0703
43.9958
43.9185
43.8377
43.7544
43.6689
43.5808
43.4882
43.3926
43.292
43.1882
43.0809
42.9698
42.8546
42.7359
42.6136
42.4885
42.3595
42.2264
42.0901
41.9512
41.8098
41.6663
41.5206
41.3733
41.2235
41.071
40.9165
40.7603
40.6021
40.4428
40.2828
40.1224
39.963
39.8041
39.6463
39.4907
39.3381
39.189
39.0437
38.9024
38.765
38.632
38.504
38.3818
38.265
38.1545
38.0509
37.9567
37.8759
37.8101
37.7606
37.7286
37.7129
37.7087
37.7175
37.7421
37.7749
37.8095
37.8449
37.8818
37.9194
37.9577
37.9963
38.0359
38.0747
38.112
38.1473
38.1802
38.2103
38.2376
38.2615
38.282
38.2985
38.3108
38.3186
38.3216
38.3198
38.3134
38.3026
38.2878
38.2682
38.2438
38.2147
38.1811
38.1426
38.0996
38.0522
38
37.9436
37.8822
37.8159
37.745
37.6692
37.5884
37.5034
37.4137
37.3196
37.2208
37.1176
37.0098
36.8974
36.7804
36.6596
36.5351
36.4067
36.2748
36.1396
36.0021
35.8628
35.7219
35.5795
35.4365
35.2932
35.1493
35.0045
34.8592
34.7122
34.5638
34.414
34.2628
34.1102
33.9568
33.8014
33.6438
33.4846
33.3234
33.1601
32.9941
32.8262
32.6566
32.4854
32.3128
32.1395
31.9663
31.7932
31.6187
31.4421
31.2639
31.0838
30.9018
30.7186
30.5336
30.3472
30.1596
29.9704
29.7808
29.5907
29.4025
29.2166
29.0328
28.8511
28.6709
28.4929
28.3173
28.143
27.9732
27.8081
27.6472
27.4913
27.3396
27.1921
27.0503
26.9157
26.7892
26.6711
26.5583
26.4498
26.3436
26.2387
26.1349
26.0328
25.9316
25.8292
25.7245
25.6166
25.5056
25.3909
25.2731
25.152
25.027
24.8981
24.7651
24.6281
24.4872
24.342
24.1931
24.0407
23.8858
23.7296
23.5721
23.4114
23.2495
23.0863
22.9215
22.7559
22.5889
22.4204
22.2509
22.0823
21.9169
21.7508
21.5858
21.4214
21.2587
21.0983
20.9412
20.7863
20.6338
20.4831
20.3344
20.1911
20.0543
19.9274
19.8117
19.7085
19.6252
19.5693
19.5312
19.5081
19.4959
19.4929
19.4984
19.5117
19.5327
19.5599
19.5941
19.6345
19.6827
19.7368
19.7978
19.8651
19.9357
20.0095
20.085
20.162
20.24
20.319
20.3986
20.4784
20.5579
20.6374
20.7163
20.7949
20.873
20.949
21.0249
21.1007
21.175
21.2476
21.3196
21.3906
21.4607
21.5295
21.5977
21.6643
21.7293
21.7919
21.8525
21.911
21.9667
22.0202
22.0714
22.1203
22.1666
22.2108
22.2526
22.2928
22.3308
22.3667
22.4002
22.4313
22.4607
22.4882
22.5144
22.5396
22.5633
22.5854
22.6065
22.6269
22.6463
22.6648
22.6829
22.7008
22.7182
22.7351
22.7522
22.7695
22.7871
22.8047
22.8226
22.841
22.8607
22.8824
22.9052
22.9291
22.9547
22.9821
23.0099
23.0383
23.0664
23.094
23.1206
23.1466
23.1715
23.1959
23.2194
23.2421
23.2644
23.2862
23.3075
23.3283
23.3488
23.3695
23.3894
23.4091
23.4277
23.4458
23.4643
23.4825
23.5007
23.5184
23.5351
23.5517
23.5672
23.5819
23.5955
23.6078
23.6193
23.6297
23.6393
23.6478
23.6555
23.6619
23.6671
23.6712
23.6746
23.6772
23.6794
23.6808
23.6812
23.6807
23.6794
23.677
23.6736
23.6688
23.6626
23.6546
23.645
23.6336
23.6207
23.6061
23.5901
23.5725
23.5535
23.5329
23.5104
23.4862
23.4601
23.4324
23.4028
23.3718
23.3391
23.3043
23.268
23.23
23.1905
23.1495
23.1066
23.0622
23.0167
22.9695
22.921
22.8713
22.8207
22.7688
22.7155
22.6616
22.6073
22.5533
22.4997
22.447
22.3943
22.3416
22.2888
22.2357
22.1823
22.1284
22.0746
22.0201
21.9654
21.911
21.8563
21.8015
21.7469
21.6924
21.6382
21.5841
21.5302
21.4765
21.423
21.3701
21.318
21.2668
21.2161
21.1658
21.1157
21.066
21.0163
20.9664
20.9165
20.8665
20.8169
20.7674
20.718
20.6686
20.6193
20.57
20.5204
20.4708
20.421
20.371
20.3212
20.2711
20.2208
20.1704
20.1196
20.0685
20.0169
19.9652
19.9134
19.8612
19.8089
19.7565
19.7038
19.6509
19.5981
19.5456
19.4929
19.4399
19.3866
19.3332
19.2794
19.2254
19.1711
19.1161
19.0604
19.0046
18.9486
18.8925
18.836
18.7793
18.7226
18.666
18.6093
18.5525
18.4956
18.4388
18.3817
18.3242
18.2665
18.2087
18.1509
18.0931
18.0353
17.9774
17.9198
17.8629
17.8074
17.7543
17.7029
17.6531
17.605
17.558
17.5123
17.4678
17.4243
17.3816
17.3401
17.2998
17.2605
17.2223
17.1849
17.1483
17.1126
17.078
17.0443
17.0117
16.9797
16.9483
16.9173
16.8868
16.8563
16.8263
16.7962
16.7663
16.7361
16.7065
16.6769
16.6481
16.6205
16.5937
16.5674
16.5422
16.5177
16.4941
16.4711
16.4492
16.4286
16.4085
16.389
16.3694
16.3499
16.3301
16.3104
16.2904
16.2697
16.2488
16.2273
16.2053
16.1825
16.1592
16.1354
16.1107
16.0853
16.0589
16.0319
16.0037
15.9746
15.9444
15.9132
15.8809
15.8475
15.8129
15.7769
15.7395
15.701
15.6615
15.6206
15.5784
15.5349
15.4901
15.444
15.3967
15.3483
15.2985
15.2474
15.195
15.1414
15.0865
15.0303
14.9732
14.9149
14.8556
14.7952
14.7337
14.6712
14.6075
14.5427
14.4769
14.4104
14.3431
14.2753
14.2067
14.1379
14.069
13.9997
13.9299
13.8598
13.79
13.72
13.6496
13.5792
13.5093
13.4393
13.3693
13.2996
13.23
13.1602
13.0909
13.0221
12.9541
12.8866
12.8194
12.7528
12.6864
12.621
12.5568
12.4942
12.4333
12.3741
12.3174
12.2626
12.21
12.1597
12.1115
12.0659
12.0222
11.9814
11.9434
11.9089
11.8785
11.8524
11.8297
11.8099
11.7928
11.7777
11.7654
11.7553
11.7472
11.7407
11.7355
11.7316
11.7288
11.7268
11.7262
11.7263
11.7276
11.7295
11.7323
11.736
11.7404
11.7454
11.751
11.7568
11.7632
11.7701
11.7771
11.7845
11.7922
11.7999
11.8078
11.816
11.8243
11.833
11.8418
11.8506
11.8595
11.8685
11.8777
11.887
11.8962
11.9048
11.9127
11.9201
11.9264
11.9318
11.9365
11.9402
11.9429
11.9445
11.9452
11.9452
11.9441
11.9422
11.9392
11.9352
11.9306
11.9251
11.9189
11.9119
11.9041
11.8955
11.8863
11.8762
11.8655
11.854
11.8421
11.8298
11.8173
11.8045
11.7913
11.7779
11.7639
11.7495
11.7347
11.7194
11.7037
11.6878
11.6715
11.6549
11.6383
11.6215
11.6045
11.5874
11.57
11.5527
11.5353
11.5179
11.5006
11.4834
11.4662
11.4491
11.4321
11.4151
11.3984
11.3819
11.3656
11.3494
11.3333
11.3174
11.3016
11.2861
11.2709
11.256
11.2415
11.2271
11.2131
11.1992
11.1857
11.1727
11.1599
11.1477
11.1359
11.1246
11.1137
11.1031
11.093
11.0833
11.0742
11.0655
11.0572
11.0492
11.0416
11.0343
11.0275
11.0211
11.0154
11.0101
11.0052
11.0006
10.9964
10.9927
10.9892
10.9862
10.9839
10.982
10.9804
10.9791
10.9779
10.9771
10.9765
10.976
10.9757
10.9758
10.9759
10.9763
10.9769
10.9777
10.9785
10.9794
10.9806
10.9817
10.9828
10.984
10.9854
10.987
10.9885
10.9901
10.9917
10.9933
10.9951
10.9969
10.9987
11.0005
11.0024
11.0042
11.0062
11.008
11.0098
11.0115
11.013
11.0144
11.0159
11.0173
11.0188
11.0203
11.0217
11.0231
11.0243
11.0255
11.0265
11.0273
11.0282
11.0288
11.0292
11.029
11.0284
11.0275
11.0262
11.0246
11.0226
11.0203
11.0176
11.0143
11.0104
11.0061
11.0012
10.9959
10.9898
10.983
10.9756
10.9678
10.9595
10.9506
10.9411
10.9309
10.92
10.9083
10.896
10.8829
10.8691
10.8545
10.8392
10.8233
10.8065
10.7893
10.7712
10.7525
10.7331
10.713
10.6922
10.6706
10.6483
10.6254
10.602
10.5779
10.5531
10.5277
10.5015
10.4746
10.4472
10.419
10.3903
10.3611
10.331
10.3005
10.2695
10.2379
10.2058
10.1731
10.1398
10.106
10.0717
10.0368
10.0016
9.96607
9.92993
9.89357
9.85675
9.81954
9.78211
9.74433
9.70625
9.6678
9.62907
9.59
9.55084
9.51148
9.47198
9.43236
9.39253
9.35244
9.31225
9.27183
9.23146
9.19109
9.15068
9.11029
9.06981
9.02942
8.98919
8.94909
8.90911
8.8692
8.82949
8.7899
8.75042
8.71119
8.67238
8.63384
8.59567
8.55762
8.51996
8.48285
8.44603
8.40964
8.37369
8.33819
8.30311
8.26859
8.2349
8.20223
8.17086
8.14083
8.1123
8.08578
8.06179
8.0405
8.02204
8.00594
7.9921
7.98056
7.9716
7.96502
7.96062
7.95792
7.95754
7.95906
7.9615
7.96461
7.96816
7.97219
7.97671
7.98169
7.98712
7.99322
7.99956
8.00591
8.01239
8.01884
8.02522
8.03156
8.03769
8.0437
8.04966
8.05538
8.0609
8.0661
8.07091
8.07536
8.07961
8.08356
8.08712
8.09038
8.09323
8.09554
8.09741
8.09893
8.1002
8.10114
8.10158
8.10156
8.10103
8.1001
8.09877
8.09685
8.09446
8.09158
8.08827
8.08469
8.08059
8.0759
8.07077
8.06526
8.05926
8.05285
8.04604
8.03872
8.03099
8.02304
8.01483
8.00613
7.99702
7.98747
7.97736
7.96702
7.95632
7.94533
7.93406
7.92244
7.9104
7.89795
7.88533
7.8726
7.85963
7.84647
7.8329
7.81904
7.8051
7.79115
7.77692
7.76255
7.74818
7.73372
7.71925
7.70476
7.6904
7.6761
7.66172
7.64733
7.63303
7.6188
7.60485
7.59124
7.57789
7.56495
7.55245
7.54046
7.52898
7.51794
7.50727
7.4969
7.48695
7.4773
7.46801
7.45932
7.45112
7.44344
7.43648
7.43016
7.42451
7.41951
7.4152
7.41135
7.40817
7.40564
7.40371
7.40247
7.40189
7.40203
7.40286
7.40456
7.40708
7.41013
7.41382
7.41823
7.4235
7.42961
7.43666
7.44467
7.45352
7.46354
7.47465
7.48642
7.49862
7.51107
7.52362
7.53621
7.54882
7.56142
7.57399
7.5864
7.59877
7.61101
7.6231
7.63512
7.64686
7.6586
7.67024
7.68176
7.69311
7.70448
7.71568
7.72679
7.73775
7.74849
7.75909
7.7694
7.77946
7.78939
7.79902
7.80834
7.81731
7.82606
7.83457
7.8427
7.85043
7.85796
7.86526
7.87226
7.87892
7.88527
7.89135
7.89705
7.90246
7.90759
7.91246
7.91702
7.92122
7.92515
7.92893
7.93253
7.93591
7.93911
7.94207
7.94469
7.94692
7.9488
7.9502
7.95124
7.95187
7.95209
7.95196
7.95143
7.9506
7.94941
7.94778
7.9458
7.94336
7.94049
7.93725
7.93359
7.92946
7.92487
7.91995
7.91468
7.90894
7.90278
7.89631
7.88949
7.88231
7.87469
7.86657
7.85801
7.84903
7.83971
7.83009
7.82004
7.80953
7.79864
7.78736
7.77576
7.76383
7.75154
7.73892
7.72596
7.71267
7.699
7.68505
7.67079
7.65629
7.64149
7.62637
7.61097
7.59531
7.57939
7.56322
7.54678
7.53018
7.51341
7.49645
7.47929
7.46193
7.44441
7.42677
7.40893
7.39091
7.37285
7.3547
7.33651
7.31821
7.29973
7.28119
7.2626
7.24398
7.22532
7.20658
7.18789
7.1693
7.15072
7.13229
7.11402
7.09587
7.07795
7.06017
7.04252
7.02512
7.00792
6.99089
6.97419
6.95766
6.94128
6.92507
6.90887
6.89276
6.87682
6.86102
6.84524
6.82951
6.81395
6.79845
6.783
6.76762
6.75231
6.73698
6.72174
6.70653
6.69133
6.67613
6.66099
6.64576
6.63044
6.61509
6.59972
6.58438
6.56892
6.55336
6.53775
6.52206
6.50636
6.49062
6.47477
6.45885
6.44291
6.42692
6.41089
6.39483
6.37862
6.36228
6.34577
6.32916
6.31255
6.29587
6.27907
6.2622
6.24531
6.22824
6.21118
6.19406
6.1769
6.1597
6.14249
6.12534
6.10819
6.09103
6.07421
6.05784
6.04208
6.02681
6.01199
5.99773
5.98392
5.97053
5.95754
5.945
5.93281
5.92109
5.90959
5.89813
5.88686
5.87569
5.86464
5.85377
5.84298
5.8323
5.82169
5.81118
5.8008
5.79056
5.78029
5.77009
5.76013
5.75036
5.74077
5.73129
5.72204
5.71303
5.70421
5.6955
5.68688
5.67849
5.67022
5.66218
5.65418
5.64638
5.63863
5.63101
5.62352
5.61615
5.60896
5.60192
5.59519
5.58859
5.58213
5.57587
5.56972
5.56361
5.55765
5.55174
5.54599
5.54037
5.53491
5.52971
5.52457
5.5196
5.51478
5.51015
5.50565
5.50122
5.49696
5.49267
5.48857
5.48446
5.48054
5.47675
5.47309
5.46956
5.46616
5.46292
5.45977
5.45677
5.45379
5.45088
5.44814
5.44544
5.4429
5.44053
5.43823
5.43608
5.43396
5.43192
5.43012
5.42834
5.42658
5.4251
5.42362
5.4222
5.42094
5.41956
5.41822
5.41713
5.41599
5.41498
5.41407
5.41311
5.41217
5.41129
5.41053
5.4098
5.40901
5.40826
5.40756
5.40686
5.40609
5.40536
5.40457
5.40374
5.40295
5.40214
5.40122
5.40028
5.39934
5.39831
5.3973
5.39626
5.39507
5.39379
5.39243
5.39116
5.38986
5.38856
5.38731
5.38625
5.38552
5.38523
5.38519
5.3853
5.38568
5.38648
5.38762
5.38897
5.39057
5.39248
5.3947
5.39718
5.4
5.40325
5.40684
5.41072
5.41489
5.41923
5.4237
5.42832
5.43313
5.43809
5.44315
5.44833
5.45361
5.45906
5.46459
5.47017
5.47585
5.48165
5.48762
5.49388
5.50016
5.5064
5.51268
5.51884
5.52494
5.53086
5.53664
5.54232
5.54781
5.55315
5.55834
5.56337
5.56816
5.57271
5.57706
5.58121
5.58518
5.58893
5.59249
5.59584
5.59901
5.60198
5.60478
5.60738
5.60985
5.61209
5.61412
5.616
5.61772
5.61933
5.6208
5.62211
5.62327
5.6243
5.62512
5.62578
5.62633
5.62674
5.62709
5.62729
5.62734
5.62726
5.62707
5.62679
5.62641
5.62586
5.62515
5.62428
5.62329
5.62216
5.62093
5.61952
5.61797
5.61627
5.61441
5.61241
5.61025
5.60791
5.6054
5.60279
5.60007
5.59721
5.59415
5.59092
5.58753
5.58401
5.58033
5.57656
5.57263
5.56853
5.56425
5.5598
5.55523
5.55047
5.54555
5.54052
5.53527
5.52984
5.52418
5.51836
5.51235
5.50617
5.49986
5.49347
5.48694
5.48026
5.47333
5.46623
5.45897
5.45153
5.44391
5.43618
5.42826
5.42013
5.41182
5.40336
5.39474
5.386
5.37714
5.36808
5.35878
5.34933
5.33978
5.33007
5.32021
5.31018
5.30006
5.28973
5.27926
5.26859
5.25769
5.24663
5.23541
5.22403
5.21246
5.20079
5.18902
5.17703
5.16498
5.15285
5.14059
5.12824
5.11583
5.10337
5.09079
5.07804
5.06517
5.05224
5.0393
5.02636
5.01339
5.00034
4.98721
4.97403
4.96078
4.94747
4.93402
4.92042
4.90673
4.89288
4.87888
4.86478
4.85053
4.83612
4.82157
4.80691
4.79211
4.77722
4.7622
4.74708
4.73182
4.71636
4.70072
4.68497
4.6691
4.65312
4.63708
4.62094
4.60465
4.58822
4.57173
4.55504
4.53824
4.52134
4.50428
4.48706
4.46979
4.45244
4.43493
4.41731
4.39961
4.38176
4.36385
4.34581
4.32774
4.30962
4.29141
4.27321
4.25493
4.23658
4.21818
4.19972
4.18122
4.16272
4.14422
4.12578
4.10732
4.08886
4.07048
4.05213
4.03377
4.0154
3.99711
3.97889
3.96071
3.94257
3.92446
3.90644
3.88847
3.87058
3.85284
3.83521
3.81757
3.80006
3.78266
3.76544
3.7484
3.7314
3.71445
3.69764
3.68099
3.66459
3.64835
3.63218
3.61615
3.60032
3.5847
3.56932
3.55414
3.53922
3.52458
3.51021
3.4961
3.48228
3.46883
3.45567
3.44275
3.43016
3.41791
3.40599
3.3944
3.38309
3.37205
3.36144
3.35112
3.34128
3.33184
3.3227
3.31379
3.30517
3.29677
3.28864
3.28069
3.27291
3.26536
3.25801
3.25087
3.24395
3.23717
3.23055
3.22414
3.21797
3.21197
3.20616
3.20059
3.19521
3.19011
3.18533
3.18081
3.17673
3.17289
3.16922
3.16568
3.16227
3.15897
3.15578
3.15271
3.14972
3.14689
3.14417
3.14162
3.13923
3.13694
3.13475
3.13273
3.1308
3.12899
3.12726
3.12563
3.12413
3.12273
3.12144
3.12027
3.1192
3.11836
3.11768
3.11724
3.11685
3.11655
3.11646
3.11655
3.1169
3.11754
3.11841
3.11947
3.12089
3.12262
3.12473
3.12726
3.13009
3.1333
3.13682
3.14062
3.14484
3.14931
3.15397
3.15885
3.16403
3.16945
3.17513
3.18096
3.18705
3.19353
3.20028
3.2072
3.21425
3.22134
3.22844
3.23555
3.24267
3.24971
3.25674
3.26375
3.27068
3.27755
3.28439
3.29117
3.29789
3.30457
3.31115
3.31763
3.32402
3.33029
3.33641
3.34243
3.34832
3.35406
3.3597
3.36519
3.37057
3.37587
3.38101
3.38604
3.39092
3.3957
3.40032
3.40482
3.40917
3.41345
3.41757
3.42154
3.42537
3.42901
3.43252
3.43589
3.43913
3.44226
3.44529
3.44816
3.45096
3.45357
3.45603
3.45834
3.46055
3.46269
3.46481
3.46686
3.46886
3.47083
3.47275
3.47462
3.47644
3.47827
3.48005
3.48175
3.48337
3.48489
3.4863
3.48762
3.4888
3.48982
3.49072
3.49149
3.49211
3.49263
3.49303
3.4933
3.49346
3.49346
3.49329
3.49296
3.49247
3.49185
3.49111
3.49022
3.48916
3.48796
3.48666
3.48518
3.48354
3.48178
3.47986
3.47779
3.47557
3.47323
3.47077
3.46815
3.46539
3.46249
3.45944
3.45625
3.45293
3.44944
3.44581
3.44204
3.43809
3.43401
3.42981
3.42549
3.42104
3.41647
3.41174
3.40687
3.40191
3.39683
3.39164
3.38628
3.38077
3.37517
3.36946
3.3636
3.3576
3.35147
3.34521
3.33885
3.3324
3.32583
3.31915
3.31236
3.30546
3.29844
3.29135
3.28413
3.2768
3.26937
3.26184
3.25425
3.24657
3.23884
3.23103
3.22313
3.21515
3.2071
3.19897
3.19073
3.18242
3.17403
3.16555
3.15696
3.14828
3.13955
3.13078
3.12193
3.11304
3.10414
3.09519
3.08617
3.07708
3.06795
3.05872
3.04947
3.04018
3.0308
3.02134
3.0118
3.0022
2.9926
2.98295
2.97332
2.96372
2.95408
2.94445
2.93481
2.92519
2.91556
2.90594
2.8963
2.88667
2.87713
2.86759
2.85807
2.84849
2.83895
2.82942
2.81993
2.81047
2.80099
2.79153
2.78204
2.77262
2.76319
2.75376
2.74435
2.73496
2.72557
2.71622
2.70687
2.69758
2.68832
2.67903
2.66977
2.66052
2.65131
2.64215
2.63304
2.62396
2.61492
2.60594
2.59704
2.58819
2.57942
2.57073
2.56212
2.55357
2.54512
2.53671
2.52842
2.52026
2.51221
2.50435
2.49663
2.48921
2.48219
2.47593
2.47088
2.46672
2.4628
2.45914
2.45574
2.45263
2.44985
2.44722
2.44467
2.4422
2.43988
2.43763
2.43547
2.43347
2.43158
2.42979
2.42812
2.42655
2.4251
2.42386
2.4228
2.4218
2.42085
2.41991
2.419
2.41813
2.41733
2.41654
2.41578
2.41503
2.41432
2.41363
2.41296
2.4123
2.4117
2.41115
2.41061
2.41008
2.40959
2.40914
2.40875
2.40837
2.40798
2.40763
2.4073
2.407
2.40672
2.40646
2.40628
2.40609
2.40591
2.40573
2.40556
2.40536
2.40515
2.40499
2.40484
2.40474
2.4046
2.4045
2.40438
2.40426
2.40413
2.404
2.40387
2.40372
2.40354
2.40335
2.40316
2.40294
2.40272
2.40246
2.40218
2.40192
2.40164
2.40135
2.4011
2.40079
2.40049
2.40021
2.39992
2.39963
2.39933
2.39901
2.39872
2.39842
2.39814
2.39788
2.39763
2.3974
2.39721
2.39703
2.39683
2.39664
2.39649
2.39641
2.39641
2.39648
2.39659
2.39676
2.39705
2.39744
2.39794
2.39856
2.39929
2.40017
2.40118
2.40228
2.4035
2.40486
2.40627
2.40773
2.40931
2.41097
2.41269
2.41448
2.41637
2.41828
2.42023
2.42223
2.42426
2.42631
2.42835
2.43039
2.43243
2.43446
2.43651
2.43868
2.44094
2.4433
2.44572
2.44817
2.45067
2.45322
2.4558
2.45843
2.46109
2.46382
2.46657
2.46933
2.47206
2.47477
2.47744
2.4801
2.48272
2.48528
2.48778
2.49026
2.49267
2.49508
2.49742
2.49974
2.50207
2.50438
2.50667
2.50893
2.51109
2.51313
2.5151
2.517
2.51881
2.52054
2.5222
2.5238
2.52534
2.5268
2.52817
2.52945
2.53062
2.53174
2.5328
2.53377
2.53468
2.53549
2.53618
2.53676
2.53728
2.53768
2.538
2.53821
2.53833
2.53835
2.53828
2.53811
2.53783
2.53747
2.53702
2.5365
2.53593
2.53527
2.53459
2.53383
2.53299
2.53208
2.53113
2.53011
2.52902
2.52786
2.52664
2.52536
2.52402
2.52261
2.5211
2.51949
2.51782
2.51609
2.51432
2.51246
2.5105
2.50847
2.50637
2.5042
2.50193
2.49958
2.49714
2.49459
2.49196
2.48924
2.4864
2.48346
2.48041
2.47725
2.47402
2.47073
2.46737
2.46392
2.46038
2.45676
2.45305
2.44925
2.44537
2.44141
2.43736
2.43321
2.42901
2.42473
2.42036
2.41587
2.4113
2.40667
2.40194
2.39714
2.39223
2.38722
2.38211
2.37689
2.37159
2.36621
2.36075
2.35519
2.34955
2.34382
2.33801
2.33215
2.32622
2.32023
2.31415
2.30801
2.3018
2.2955
2.28914
2.28269
2.27612
2.26948
2.26277
2.25593
2.249
2.24198
2.23484
2.22759
2.22025
2.21282
2.20533
2.19775
2.19009
2.18234
2.17451
2.16661
2.15866
2.15067
2.14264
2.13455
2.12641
2.11823
2.10999
2.10174
2.09347
2.08515
2.07677
2.06834
2.05985
2.05134
2.04278
2.03417
2.02549
2.01677
2.00806
1.99928
1.99044
1.9816
1.97271
1.96379
1.95482
1.94581
1.93679
1.92773
1.91867
1.90958
1.90045
1.89127
1.88206
1.87285
1.86364
1.85444
1.84525
1.83605
1.82684
1.81772
1.80868
1.79975
1.79098
1.78247
1.77425
1.76644
1.75931
1.75297
1.74722
1.74198
1.73699
1.73217
1.72746
1.72288
1.71846
1.71417
1.71004
1.70607
1.70223
1.69844
1.6947
1.69105
1.6875
1.68402
1.6806
1.67725
1.67396
1.67075
1.66761
1.6645
1.66145
1.65845
1.65549
1.65258
1.64972
1.64693
1.64417
1.64144
1.63875
1.63611
1.63354
1.63099
1.6285
1.62602
1.62358
1.62115
1.61875
1.61637
1.61404
1.61175
1.60948
1.6073
1.60515
1.60302
1.60094
1.5989
1.59687
1.59491
1.593
1.59113
1.58932
1.58751
1.58573
1.58401
1.58234
1.58071
1.57909
1.5775
1.57597
1.57446
1.57298
1.57155
1.57014
1.56879
1.56748
1.56619
1.56494
1.56378
1.56267
1.56162
1.56065
1.55975
1.55891
1.55813
1.55739
1.55673
1.55614
1.55563
1.55519
1.55482
1.55455
1.55437
1.55428
1.55428
1.55435
1.55454
1.55479
1.5551
1.55549
1.55595
1.55644
1.557
1.55762
1.5583
1.55902
1.55979
1.56061
1.56147
1.56241
1.56341
1.56445
1.56557
1.56675
1.56798
1.56923
1.57047
1.57177
1.57309
1.57441
1.57575
1.57708
1.57841
1.57972
1.58104
1.58232
1.58357
1.5848
1.58602
1.58723
1.58842
1.58958
1.59074
1.59187
1.59298
1.59408
1.59517
1.59621
1.59722
1.59821
1.59919
1.60015
1.60112
1.60205
1.603
1.60394
1.60487
1.60583
1.60678
1.60775
1.60869
1.60965
1.6106
1.61155
1.61248
1.61342
1.61433
1.61523
1.61616
1.61711
1.61805
1.61891
1.61975
1.62053
1.62126
1.62192
1.62253
1.62309
1.62359
1.62402
1.62438
1.62468
1.62491
1.6251
1.62523
1.62532
1.62535
1.62535
1.62528
1.62515
1.62498
1.62476
1.62451
1.62421
1.62385
1.62345
1.62301
1.62251
1.62195
1.62135
1.62071
1.61999
1.61923
1.61844
1.61762
1.61673
1.61579
1.61481
1.61378
1.61268
1.61153
1.61033
1.60908
1.60776
1.60639
1.60497
1.6035
1.60197
1.60039
1.59877
1.59708
1.59537
1.59362
1.59181
1.58996
1.58806
1.58613
1.58417
1.58218
1.58016
1.57812
1.57602
1.57389
1.57171
1.56947
1.56717
1.56484
1.56245
1.55999
1.55749
1.55495
1.55234
1.54968
1.54697
1.54421
1.5414
1.53854
1.53565
1.53273
1.52977
1.52675
1.52367
1.52052
1.51733
1.51407
1.51077
1.50738
1.50393
1.50041
1.49683
1.49318
1.48946
1.48567
1.4818
1.47789
1.47389
1.46983
1.4657
1.46149
1.45722
1.45288
1.44849
1.44401
1.43948
1.43488
1.4302
1.42547
1.42065
1.41578
1.41084
1.40584
1.40076
1.39563
1.39043
1.38518
1.37987
1.37451
1.36909
1.36363
1.35813
1.35258
1.34699
1.34134
1.33564
1.32989
1.32411
1.31829
1.31243
1.30655
1.30062
1.29466
1.28868
1.28267
1.27663
1.27057
1.26451
1.25847
1.25251
1.24668
1.24099
1.23545
1.23015
1.22512
1.2204
1.21599
1.21197
1.20848
1.20522
1.20201
1.1989
1.19592
1.19304
1.19025
1.18749
1.18478
1.18211
1.17945
1.17681
1.17418
1.17158
1.16903
1.16652
1.16402
1.16152
1.15904
1.15659
1.15421
1.15186
1.14951
1.14719
1.14492
1.14268
1.14043
1.13823
1.13605
1.13389
1.13175
1.12963
1.12752
1.12543
1.12336
1.12132
1.1193
1.11732
1.11534
1.11337
1.11143
1.10952
1.10762
1.10575
1.10391
1.10209
1.10029
1.09852
1.09681
1.09512
1.09343
1.09176
1.09011
1.08851
1.08694
1.08541
1.08389
1.08242
1.08098
1.07958
1.07821
1.07688
1.0756
1.07433
1.07308
1.07188
1.07072
1.0696
1.06848
1.06743
1.0664
1.06543
1.06449
1.06359
1.06272
1.06187
1.06104
1.06026
1.05952
1.05884
1.05818
1.05758
1.05702
1.05651
1.05606
1.05566
1.05532
1.05501
1.05473
1.05449
1.05431
1.05416
1.05406
1.05398
1.05395
1.05396
1.05403
1.05412
1.05424
1.05441
1.05461
1.05486
1.05517
1.05552
1.05589
1.05631
1.05679
1.05731
1.05786
1.05845
1.05909
1.05977
1.06047
1.06121
1.06198
1.06278
1.06358
1.06441
1.06528
1.06618
1.0671
1.06803
1.06898
1.06994
1.07092
1.07192
1.07293
1.07395
1.075
1.07604
1.07712
1.07817
1.07923
1.08029
1.08137
1.08248
1.08358
1.0847
1.08582
1.08693
1.08807
1.08923
1.09041
1.0916
1.09283
1.09405
1.09527
1.0965
1.09773
1.09898
1.10022
1.10146
1.1027
1.10393
1.10514
1.10635
1.10752
1.10868
1.10982
1.11091
1.11195
1.11294
1.11389
1.11481
1.11571
1.11658
1.1174
1.11819
1.11896
1.11969
1.12039
1.12105
1.12168
1.12227
1.12281
1.12333
1.1238
1.12424
1.12465
1.12501
1.12532
1.1256
1.12584
1.12604
1.12621
1.12635
1.12647
1.12655
1.12661
1.12661
1.12659
1.12652
1.12644
1.12633
1.1262
1.12605
1.12587
1.12567
1.12545
1.1252
1.12491
1.1246
1.12425
1.12387
1.12346
1.12303
1.12256
1.12208
1.12156
1.12101
1.12043
1.11981
1.11917
1.1185
1.11778
1.11703
1.11625
1.11546
1.11463
1.11376
1.11288
1.11196
1.11101
1.11003
1.10903
1.10801
1.10694
1.10586
1.10475
1.10361
1.10245
1.10125
1.10002
1.09878
1.09749
1.09617
1.09482
1.09344
1.09204
1.0906
1.08912
1.08762
1.08608
1.08451
1.08288
1.08122
1.07953
1.07779
1.076
1.07417
1.07229
1.07037
1.06841
1.0664
1.06435
1.06225
1.0601
1.05791
1.05567
1.05338
1.05104
1.04865
1.0462
1.0437
1.04115
1.03856
1.03595
1.03327
1.03054
1.02776
1.02495
1.0221
1.01921
1.01628
1.0133
1.01029
1.00723
1.00413
1.001
0.997838
0.994641
0.991414
0.988156
0.984878
0.98158
0.978259
0.974927
0.971588
0.968261
0.964968
0.961747
0.958605
0.955573
0.952658
0.949893
0.947298
0.944913
0.942713
0.940592
0.938499
0.936434
0.9344
0.932403
0.930434
0.928488
0.92656
0.924623
0.92266
0.920676
0.918668
0.916647
0.914614
0.912558
0.910468
0.908365
0.906234
0.904082
0.901904
0.899708
0.897494
0.895256
0.892987
0.890691
0.888371
0.886028
0.883666
0.88128
0.878863
0.876423
0.873957
0.871463
0.868948
0.866417
0.863881
0.861316
0.858718
0.85611
0.853514
0.850902
0.848274
0.845634
0.843003
0.840363
0.837709
0.835055
0.832412
0.829778
0.827156
0.824536
0.821924
0.819314
0.816709
0.814131
0.811562
0.80899
0.806449
0.803923
0.801414
0.798931
0.796472
0.794043
0.791645
0.789272
0.786906
0.78458
0.782278
0.780007
0.777755
0.775544
0.773376
0.771242
0.769141
0.767071
0.765016
0.762985
0.760986
0.759027
0.757119
0.75523
0.753379
0.751563
0.749798
0.748056
0.746364
0.744699
0.743055
0.741467
0.739913
0.738401
0.736929
0.735496
0.734113
0.732773
0.731488
0.730235
0.729049
0.727912
0.726833
0.725794
0.72481
0.723863
0.722972
0.722116
0.721305
0.720536
0.719828
0.719168
0.718562
0.717994
0.717459
0.716972
0.71653
0.716108
0.715718
0.715349
0.715011
0.714697
0.714423
0.714187
0.713973
0.713806
0.713676
0.713564
0.713494
0.713459
0.713455
0.713469
0.713501
0.713567
0.713656
0.713773
0.713919
0.714072
0.714231
0.714409
0.714588
0.714777
0.715001
0.715242
0.715495
0.715767
0.716057
0.716371
0.716699
0.717042
0.717392
0.71776
0.718139
0.718522
0.718931
0.719351
0.71977
0.720196
0.720633
0.721072
0.721506
0.72194
0.722369
0.722799
0.723244
0.723687
0.724118
0.724562
0.724996
0.725427
0.725856
0.726285
0.726703
0.727097
0.727501
0.727899
0.728285
0.728655
0.72902
0.729356
0.729684
0.730002
0.730302
0.730589
0.730856
0.731114
0.731346
0.731571
0.731773
0.731962
0.732136
0.732297
0.732436
0.732554
0.732663
0.732757
0.732829
0.732877
0.732912
0.732922
0.732922
0.732899
0.73287
0.732834
0.732805
0.732771
0.732741
0.732715
0.732679
0.732631
0.732574
0.732492
0.73239
0.732273
0.732141
0.731986
0.731804
0.731606
0.731384
0.731137
0.730852
0.730548
0.730222
0.729879
0.729513
0.729115
0.728687
0.728242
0.72777
0.727274
0.726757
0.726203
0.725632
0.725042
0.72445
0.723833
0.723188
0.722519
0.721827
0.721107
0.720354
0.719579
0.718775
0.717946
0.717095
0.716219
0.715321
0.714401
0.713458
0.712489
0.711498
0.710493
0.709463
0.708407
0.707328
0.706232
0.705112
0.70398
0.702828
0.701657
0.700468
0.699261
0.698028
0.696775
0.695518
0.694254
0.692976
0.691681
0.690364
0.689035
0.687687
0.686315
0.684926
0.683527
0.682115
0.680684
0.67925
0.677796
0.676332
0.674857
0.673364
0.671866
0.670365
0.668862
0.667359
0.665855
0.664357
0.662866
0.66139
0.659934
0.658532
0.65719
0.655927
0.65475
0.653632
0.652527
0.651417
0.650303
0.649192
0.648075
0.64696
0.645852
0.644744
0.643659
0.642597
0.641561
0.640516
0.639464
0.638394
0.637308
0.636201
0.63507
0.63391
0.632728
0.631522
0.63029
0.629035
0.627755
0.626444
0.625108
0.623742
0.622355
0.620939
0.619493
0.618021
0.616523
0.615001
0.613455
0.611881
0.610283
0.608659
0.607
0.605314
0.603599
0.601863
0.600102
0.598316
0.596513
0.594697
0.592871
0.591027
0.589165
0.587286
0.585392
0.583481
0.581553
0.579607
0.577652
0.575677
0.573688
0.571688
0.569686
0.567679
0.565664
0.563647
0.561626
0.559598
0.557566
0.555528
0.553492
0.551443
0.549396
0.547357
0.545319
0.543291
0.541271
0.539271
0.537288
0.535324
0.533369
0.531424
0.529507
0.527623
0.525773
0.523949
0.522158
0.520419
0.518731
0.51708
0.515474
0.51392
0.512441
0.511
0.509607
0.508291
0.507033
0.505832
0.504694
0.503609
0.502562
0.501551
0.50058
0.499635
0.498721
0.497837
0.496973
0.496118
0.495282
0.494456
0.493648
0.492862
0.492085
0.491331
0.490592
0.489876
0.489171
0.488489
0.487816
0.487157
0.486519
0.485896
0.485293
0.484708
0.484142
0.483594
0.48306
0.482541
0.482045
0.481567
0.481108
0.480667
0.480241
0.479845
0.479457
0.479077
0.478713
0.478361
0.478021
0.477699
0.477387
0.477087
0.476814
0.476547
0.476303
0.476068
0.475846
0.475641
0.475447
0.475265
0.47509
0.474932
0.474791
0.474672
0.47456
0.474469
0.474383
0.474305
0.474243
0.474198
0.474159
0.474137
0.474136
0.474153
0.474186
0.47424
0.474302
0.474383
0.474471
0.474573
0.474688
0.474818
0.474962
0.475118
0.47528
0.475449
0.475628
0.475811
0.476002
0.476198
0.476403
0.47662
0.476845
0.477082
0.477325
0.477571
0.477812
0.478049
0.478288
0.478524
0.478765
0.479011
0.479258
0.479513
0.47977
0.480025
0.480283
0.480545
0.480806
0.481065
0.481321
0.481572
0.481813
0.482055
0.4823
0.482543
0.48277
0.482982
0.483184
0.483378
0.483564
0.483737
0.483904
0.484053
0.484186
0.484304
0.484413
0.484513
0.484594
0.484667
0.484727
0.484786
0.484832
0.484866
0.484887
0.484903
0.484917
0.484932
0.484948
0.484968
0.484991
0.485009
0.485022
0.485018
0.484994
0.484954
0.484895
0.484822
0.484729
0.484618
0.484491
0.484351
0.48419
0.484003
0.483796
0.48357
0.483324
0.483062
0.482782
0.482486
0.482163
0.48182
0.481458
0.481079
0.480679
0.480251
0.479804
0.479337
0.478847
0.478342
0.477816
0.477276
0.476716
0.476137
0.475543
0.474937
0.47431
0.473662
0.472992
0.472303
0.471601
0.470879
0.470136
0.469375
0.46861
0.467832
0.467039
0.466234
0.465416
0.464587
0.463747
0.462898
0.462045
0.461184
0.460312
0.459437
0.458557
0.457675
0.456792
0.455909
0.45502
0.45413
0.453239
0.452348
0.451458
0.450571
0.449694
0.448833
0.447982
0.447137
0.4463
0.44548
0.444702
0.443984
0.443323
0.442689
0.442075
0.441476
0.440882
0.440298
0.439718
0.439142
0.438574
0.438003
0.437433
0.43687
0.436318
0.435773
0.435239
0.434708
0.434169
0.433625
0.433076
0.432518
0.431956
0.431385
0.430804
0.430212
0.429608
0.428987
0.428348
0.427696
0.427024
0.426336
0.425631
0.424908
0.42417
0.423413
0.422635
0.421842
0.421029
0.420199
0.419345
0.418474
0.417586
0.416675
0.415744
0.41479
0.413815
0.412821
0.411808
0.410776
0.409726
0.408653
0.407558
0.406445
0.405318
0.404171
0.403005
0.401823
0.400624
0.399411
0.398182
0.396941
0.395687
0.39442
0.393137
0.391845
0.390541
0.389227
0.38791
0.3866
0.385301
0.384015
0.382733
0.381458
0.380192
0.378934
0.37768
0.376432
0.375194
0.373963
0.372742
0.371535
0.370341
0.36916
0.368008
0.36688
0.365787
0.364711
0.363649
0.362591
0.361539
0.360495
0.359446
0.358398
0.357344
0.356286
0.355231
0.354179
0.353125
0.352069
0.351007
0.349943
0.348886
0.347842
0.346808
0.345784
0.344783
0.343796
0.342826
0.341879
0.340963
0.340069
0.339198
0.33836
0.337544
0.33675
0.335983
0.335231
0.334492
0.333771
0.333072
0.33239
0.331722
0.331071
0.330435
0.329816
0.329209
0.328612
0.328039
0.327493
0.326966
0.326444
0.325935
0.325439
0.324964
0.324506
0.324062
0.323625
0.323212
0.322815
0.322434
0.322065
0.32171
0.321365
0.321036
0.320724
0.320433
0.320158
0.3199
0.319656
0.31943
0.319215
0.319018
0.318834
0.318662
0.318509
0.318372
0.318247
0.318136
0.318032
0.317939
0.317855
0.31778
0.317716
0.317663
0.317622
0.317589
0.317562
0.317548
0.317535
0.317529
0.317534
0.317555
0.317585
0.317629
0.317682
0.317748
0.317824
0.317909
0.318
0.318094
0.318198
0.318312
0.318424
0.318541
0.318665
0.318791
0.318926
0.319057
0.319191
0.319329
0.319468
0.319609
0.319752
0.319899
0.320045
0.320187
0.320334
0.320478
0.320624
0.320773
0.320925
0.32108
0.321234
0.321387
0.321541
0.321695
0.321842
0.321981
0.322117
0.322255
0.322389
0.322517
0.322642
0.322752
0.322852
0.322952
0.323045
0.323129
0.32321
0.323282
0.323348
0.323413
0.323473
0.323524
0.32357
0.323613
0.323654
0.32369
0.323719
0.323741
0.323758
0.323772
0.323781
0.323784
0.32378
0.323767
0.323747
0.323727
0.323704
0.323675
0.32364
0.323595
0.32354
0.323471
0.323391
0.323304
0.323203
0.323092
0.322968
0.322831
0.32268
0.322516
0.322337
0.322144
0.321935
0.321711
0.321475
0.321228
0.320968
0.320694
0.320403
0.320104
0.319794
0.319467
0.319128
0.318773
0.318403
0.31802
0.317623
0.317211
0.316788
0.316356
0.315911
0.315452
0.314982
0.314503
0.314015
0.313518
0.313015
0.312508
0.311997
0.311482
0.310971
0.310462
0.309953
0.309443
0.308929
0.308413
0.307894
0.307377
0.306864
0.30635
0.30584
0.305332
0.30483
0.304334
0.303847
0.303369
0.302894
0.302424
0.301964
0.301518
0.301085
0.300689
0.300332
0.299985
0.299645
0.299308
0.298971
0.29863
0.298288
0.297946
0.297602
0.297255
0.296904
0.296548
0.296193
0.295833
0.295474
0.295113
0.294751
0.294382
0.294002
0.29361
0.293208
0.292795
0.292372
0.291942
0.291506
0.291059
0.290601
0.29013
0.28965
0.289158
0.288653
0.288135
0.287604
0.28706
0.2865
0.285928
0.285341
0.284741
0.284126
0.283497
0.282853
0.282195
0.281522
0.280834
0.28013
0.279411
0.278679
0.277932
0.277169
0.276393
0.275601
0.274794
0.273974
0.27314
0.272291
0.27143
0.270558
0.269672
0.268775
0.267866
0.266945
0.266016
0.265079
0.264132
0.263175
0.26221
0.261237
0.260258
0.259274
0.258286
0.257296
0.256309
0.255323
0.254348
0.253387
0.252449
0.251528
0.25062
0.249732
0.248872
0.248028
0.247212
0.246416
0.245645
0.244895
0.24415
0.243407
0.242667
0.24193
0.241197
0.24047
0.239752
0.239047
0.238348
0.237652
0.23696
0.236272
0.235583
0.234895
0.234215
0.233539
0.232868
0.23221
0.231569
0.230955
0.230371
0.229805
0.229251
0.22871
0.228184
0.227673
0.227174
0.226685
0.226209
0.225745
0.225293
0.224858
0.224435
0.22402
0.223621
0.223234
0.222859
0.222492
0.222139
0.221801
0.221478
0.221166
0.220869
0.220591
0.220326
0.220071
0.21983
0.219601
0.219385
0.219183
0.218995
0.218819
0.218655
0.218503
0.218362
0.218234
0.218121
0.218029
0.217948
0.217879
0.217821
0.217777
0.217742
0.217714
0.217698
0.217692
0.217694
0.217707
0.217728
0.21776
0.2178
0.217852
0.217911
0.217974
0.218049
0.218132
0.21822
0.218315
0.21842
0.218538
0.218666
0.218801
0.218941
0.219089
0.219242
0.219405
0.219577
0.219752
0.219934
0.220118
0.22031
0.220502
0.220697
0.220897
0.221102
0.221306
0.221512
0.221722
0.221933
0.222147
0.222362
0.222582
0.222805
0.223024
0.223244
0.223468
0.223692
0.223915
0.224138
0.224359
0.224583
0.224807
0.225026
0.22524
0.225455
0.225671
0.225886
0.226099
0.226312
0.226522
0.226728
0.226934
0.227142
0.227352
0.227566
0.227785
0.227997
0.228209
0.228418
0.228627
0.228829
0.229029
0.229222
0.229414
0.229603
0.229788
0.229966
0.23014
0.230308
0.230471
0.230629
0.230777
0.230919
0.231047
0.231167
0.231279
0.231386
0.231484
0.231573
0.231651
0.23172
0.23178
0.231828
0.231866
0.231896
0.231913
0.231921
0.231919
0.231905
0.231879
0.231843
0.231795
0.231734
0.231662
0.231579
0.231484
0.231381
0.231267
0.23114
0.231001
0.230852
0.230694
0.230522
0.230339
0.230143
0.229935
0.229716
0.229484
0.229238
0.228982
0.228714
0.228437
0.22815
0.227851
0.227542
0.227222
0.226893
0.226553
0.226203
0.225842
0.225471
0.22509
0.224701
0.224304
0.223901
0.223487
0.223065
0.222636
0.222202
0.221761
0.221313
0.220857
0.220396
0.219929
0.219459
0.218986
0.218511
0.218033
0.217556
0.217083
0.216612
0.216146
0.215693
0.215261
0.214842
0.214432
0.214028
0.213632
0.213242
0.212859
0.212483
0.212114
0.211755
0.211421
0.211102
0.210791
0.210484
0.210179
0.209875
0.209568
0.209258
0.208948
0.20864
0.20833
0.208019
0.207702
0.207381
0.207058
0.206731
0.206403
0.206074
0.20574
0.205399
0.205051
0.204695
0.204333
0.20396
0.203578
0.203187
0.202788
0.202384
0.201973
0.201556
0.201131
0.200694
0.200249
0.199796
0.199334
0.198862
0.19838
0.197887
0.197385
0.196875
0.196352
0.195817
0.195273
0.194719
0.194155
0.193579
0.192993
0.192396
0.191789
0.191172
0.190544
0.189906
0.189259
0.188602
0.187934
0.187257
0.186569
0.185872
0.185165
0.184448
0.183722
0.182988
0.182245
0.181495
0.180737
0.179973
0.179206
0.178438
0.177666
0.176893
0.176123
0.175351
0.174576
0.173803
0.173037
0.172275
0.171516
0.170762
0.170016
0.169279
0.168549
0.16783
0.167123
0.166426
0.165742
0.165068
0.164405
0.163756
0.163126
0.162514
0.161921
0.161345
0.160786
0.160244
0.159721
0.159221
0.15874
0.158281
0.157855
0.157478
0.157139
0.156822
0.156523
0.156238
0.155968
0.155712
0.15547
0.155237
0.155015
0.154803
0.154602
0.154411
0.154229
0.154056
0.153894
0.153741
0.153597
0.153464
0.153342
0.153228
0.153124
0.153032
0.152949
0.152873
0.152811
0.152756
0.152711
0.152673
0.152646
0.152626
0.152614
0.152608
0.15261
0.152623
0.152645
0.152679
0.15272
0.152768
0.152827
0.152893
0.152967
0.153053
0.153144
0.153244
0.153349
0.15346
0.153576
0.153694
0.153817
0.153944
0.154075
0.154213
0.154357
0.154506
0.154659
0.154814
0.154975
0.155141
0.155308
0.155484
0.155664
0.155848
0.156033
0.156222
0.156415
0.156611
0.15681
0.157014
0.157221
0.157432
0.157649
0.157869
0.158095
0.15832
0.158548
0.158777
0.159008
0.159239
0.15947
0.159702
0.159936
0.160172
0.160405
0.160639
0.160874
0.161106
0.161335
0.161564
0.161793
0.162021
0.162244
0.162465
0.162683
0.1629
0.163115
0.16333
0.163541
0.16375
0.163958
0.164165
0.164367
0.164566
0.164763
0.164954
0.16514
0.165324
0.165503
0.165678
0.165849
0.166016
0.166177
0.166333
0.166485
0.166636
0.166783
0.166925
0.167063
0.167198
0.167329
0.167457
0.167583
0.167706
0.167827
0.167947
0.168065
0.168179
0.168288
0.168394
0.168495
0.168592
0.168682
0.168766
0.168844
0.168916
0.168982
0.169039
0.169087
0.16913
0.169166
0.169191
0.169209
0.169219
0.169223
0.169219
0.169204
0.16918
0.169148
0.169106
0.169055
0.168993
0.168924
0.168844
0.168755
0.168657
0.168551
0.168437
0.168313
0.168178
0.168035
0.167886
0.167727
0.16756
0.167383
0.167198
0.167004
0.166802
0.166591
0.166371
0.166142
0.165906
0.165662
0.16541
0.16515
0.164883
0.164609
0.164328
0.164041
0.163746
0.163446
0.163138
0.162823
0.162501
0.162172
0.161837
0.161497
0.161149
0.160796
0.160437
0.160072
0.1597
0.159321
0.158935
0.158541
0.158141
0.157733
0.15732
0.156902
0.156477
0.156047
0.155612
0.155173
0.154729
0.154283
0.153835
0.153387
0.152944
0.15251
0.152093
0.151697
0.151314
0.150943
0.150583
0.150232
0.14989
0.14956
0.14925
0.148952
0.14866
0.148369
0.148078
0.147786
0.147496
0.147208
0.146917
0.146624
0.146329
0.14603
0.145728
0.145426
0.145121
0.144815
0.144511
0.144206
0.143895
0.143578
0.143255
0.142925
0.142589
0.142246
0.141897
0.141542
0.141184
0.14082
0.140452
0.140078
0.139697
0.139309
0.138916
0.138515
0.138105
0.137689
0.137266
0.136835
0.136397
0.135951
0.135498
0.135037
0.134568
0.134092
0.133609
0.13312
0.132626
0.132127
0.131623
0.131113
0.130599
0.13008
0.129555
0.129025
0.12849
0.127951
0.127407
0.126859
0.126307
0.125749
0.125187
0.124622
0.124052
0.123479
0.122903
0.122325
0.121743
0.121159
0.120575
0.11999
0.119407
0.118826
0.118248
0.117671
0.117098
0.116529
0.115963
0.115402
0.114848
0.114304
0.11377
0.113245
0.112734
0.112244
0.111776
0.111326
0.110894
0.110476
0.110073
0.109686
0.109313
0.108952
0.108607
0.108275
0.107954
0.107648
0.107353
0.107069
0.106798
0.10654
0.106291
0.106056
0.105834
0.105626
0.105431
0.105253
0.105097
0.104961
0.104838
0.10473
0.104637
0.104559
0.104493
0.104439
0.104398
0.104371
0.104353
0.104348
0.104351
0.104361
0.104375
0.104397
0.104426
0.10446
0.104502
0.104552
0.104607
0.104669
0.104737
0.10481
0.10489
0.104975
0.105065
0.105161
0.105263
0.105373
0.105491
0.105615
0.105744
0.105878
0.106018
0.106164
0.106317
0.106477
0.106643
0.106817
0.106997
0.107182
0.10737
0.107563
0.107759
0.107958
0.108164
0.108373
0.108583
0.108798
0.109014
0.109232
0.109453
0.109675
0.109899
0.110126
0.110356
0.110587
0.110823
0.111061
0.1113
0.11154
0.111783
0.112026
0.11227
0.112515
0.112758
0.113001
0.113244
0.113488
0.11373
0.11397
0.114209
0.114449
0.114688
0.114924
0.115158
0.115391
0.115622
0.11585
0.116076
0.116298
0.116516
0.116733
0.116947
0.117157
0.117365
0.11757
0.11777
0.117967
0.118161
0.11835
0.118536
0.118719
0.118896
0.119069
0.119238
0.119404
0.119566
0.119724
0.119877
0.120025
0.120167
0.120307
0.120442
0.120572
0.120699
0.12082
0.120937
0.121049
0.121156
0.121258
0.121358
0.121452
0.121543
0.12163
0.121712
0.121788
0.12186
0.121927
0.121991
0.122051
0.122106
0.122158
0.122207
0.122252
0.122293
0.122328
0.12236
0.122387
0.122409
0.122425
0.122435
0.122437
0.122433
0.122422
0.122406
0.122382
0.122353
0.122316
0.122273
0.122223
0.122166
0.122103
0.122033
0.121956
0.121874
0.121783
0.121686
0.121583
0.121473
0.121358
0.121236
0.121109
0.120975
0.120835
0.12069
0.120538
0.120381
0.120217
0.120047
0.119871
0.119691
0.119505
0.119314
0.119117
0.118915
0.118709
0.118498
0.118282
0.11806
0.117832
0.117598
0.117358
0.117111
0.11686
0.116601
0.116338
0.116068
0.115793
0.115512
0.115224
0.11493
0.11463
0.114323
0.11401
0.113692
0.11337
0.113041
0.112708
0.112369
0.112024
0.111675
0.111322
0.110964
0.110601
0.110233
0.109861
0.109486
0.109106
0.108724
0.10834
0.107955
0.10757
0.107198
0.106858
0.106542
0.10625
0.105976
0.105726
0.105483
0.105244
0.105008
0.104771
0.104536
0.104301
0.104064
0.103825
0.103586
0.103345
0.103102
0.102858
0.102612
0.102366
0.102119
0.101873
0.101625
0.101372
0.101115
0.100852
0.100586
0.100316
0.100044
0.0997677
0.0994883
0.0992041
0.0989154
0.0986228
0.0983265
0.098026
0.0977231
0.0974166
0.0971061
0.0967917
0.0964732
0.0961508
0.0958254
0.0954966
0.0951652
0.09483
0.0944903
0.0941463
0.093798
0.0934463
0.0930902
0.0927305
0.0923672
0.0920011
0.0916317
0.0912584
0.090882
0.0905024
0.0901196
0.0897337
0.0893456
0.0889571
0.0885666
0.0881756
0.0877835
0.0873898
0.0869936
0.0865964
0.0861981
0.0857984
0.0853968
0.0849945
0.0845939
0.0841943
0.0837959
0.0834002
0.0830091
0.082624
0.0822471
0.0818807
0.0815242
0.0811759
0.0808341
0.0804992
0.0801698
0.0798448
0.0795271
0.0792146
0.0789083
0.0786082
0.0783145
0.0780301
0.0777551
0.0774881
0.0772286
0.0769777
0.0767358
0.0765022
0.0762774
0.0760602
0.0758534
0.0756536
0.0754615
0.0752792
0.0751036
0.0749355
0.074775
0.0746219
0.0744773
0.0743418
0.0742166
0.0741002
0.0739918
0.073892
0.0738013
0.073718
0.0736442
0.0735805
0.0735236
0.0734734
0.0734335
0.0734026
0.0733792
0.0733658
0.0733619
0.0733668
0.0733823
0.0734084
0.0734466
0.0734975
0.07356
0.0736333
0.0737166
0.0738082
0.0739068
0.0740159
0.0741322
0.0742529
0.0743785
0.0745085
0.0746422
0.0747807
0.0749217
0.0750661
0.0752132
0.0753639
0.075518
0.0756744
0.0758338
0.0759972
0.076164
0.0763339
0.0765066
0.0766837
0.0768643
0.0770474
0.0772332
0.0774218
0.0776136
0.0778083
0.0780044
0.0782045
0.0784059
0.0786094
0.0788135
0.0790194
0.079227
0.0794352
0.0796429
0.079852
0.0800608
0.0802682
0.0804753
0.080682
0.0808883
0.081094
0.0812988
0.0815033
0.0817082
0.0819106
0.0821117
0.0823119
0.0825113
0.0827086
0.0829029
0.0830964
0.0832893
0.0834802
0.0836686
0.0838556
0.0840404
0.0842226
0.0844019
0.0845794
0.084753
0.0849228
0.0850903
0.0852547
0.0854163
0.0855747
0.0857294
0.0858804
0.0860282
0.0861725
0.0863136
0.0864508
0.0865843
0.0867143
0.0868396
0.0869613
0.0870795
0.0871947
0.0873055
0.0874123
0.0875153
0.0876145
0.0877094
0.0878008
0.087888
0.0879697
0.0880465
0.0881187
0.0881869
0.0882514
0.0883113
0.0883672
0.0884199
0.0884678
0.0885117
0.0885524
0.0885905
0.0886253
0.0886553
0.0886808
0.0887021
0.0887186
0.0887313
0.0887399
0.0887446
0.0887462
0.0887443
0.0887379
0.0887272
0.088713
0.0886951
0.0886734
0.0886479
0.0886192
0.0885876
0.0885521
0.0885132
0.0884704
0.088424
0.088374
0.0883197
0.0882612
0.088198
0.0881302
0.0880576
0.0879803
0.0878989
0.0878128
0.0877227
0.0876283
0.0875303
0.0874288
0.0873232
0.0872146
0.0871021
0.0869856
0.0868648
0.0867404
0.0866121
0.086479
0.0863417
0.0861997
0.0860545
0.085905
0.0857518
0.0855941
0.0854317
0.0852645
0.0850929
0.0849166
0.0847358
0.0845502
0.0843597
0.0841648
0.0839652
0.0837612
0.0835527
0.0833398
0.0831232
0.0829013
0.0826746
0.0824434
0.0822074
0.0819668
0.081722
0.0814734
0.0812208
0.0809632
0.080701
0.0804349
0.0801658
0.0798929
0.0796163
0.0793358
0.0790517
0.078764
0.0784722
0.0781774
0.0778798
0.0775792
0.0772754
0.0769687
0.0766594
0.0763475
0.0760326
0.0757156
0.0753972
0.0750787
0.0747678
0.0744887
0.0742417
0.0740148
0.0737996
0.0735882
0.0733787
0.0731694
0.0729592
0.0727479
0.0725349
0.0723208
0.0721047
0.0718872
0.0716694
0.0714518
0.0712354
0.0710199
0.0708058
0.0705944
0.0703815
0.0701666
0.0699498
0.0697316
0.0695113
0.0692893
0.0690665
0.0688423
0.0686158
0.0683866
0.0681558
0.067923
0.0676879
0.0674511
0.0672112
0.0669686
0.0667237
0.0664763
0.0662265
0.0659743
0.0657201
0.0654639
0.0652055
0.064946
0.0646845
0.0644212
0.0641569
0.0638914
0.0636244
0.0633573
0.0630885
0.0628186
0.0625483
0.0622772
0.0620038
0.0617294
0.0614546
0.0611799
0.0609053
0.0606314
0.0603572
0.060084
0.0598137
0.0595467
0.059286
0.0590315
0.0587826
0.058537
0.0582951
0.0580567
0.0578218
0.0575912
0.0573649
0.0571417
0.0569232
0.0567074
0.0564954
0.056287
0.0560822
0.0558802
0.0556812
0.0554857
0.0552946
0.0551074
0.0549227
0.0547416
0.0545648
0.0543914
0.0542217
0.0540558
0.0538949
0.0537381
0.0535852
0.0534374
0.0532955
0.0531599
0.0530302
0.0529055
0.0527872
0.052674
0.0525674
0.0524667
0.0523705
0.0522793
0.0521937
0.0521141
0.0520384
0.0519685
0.0519025
0.0518426
0.0517869
0.0517374
0.0516939
0.0516555
0.0516227
0.0515953
0.0515736
0.0515571
0.0515465
0.0515414
0.0515412
0.0515461
0.0515576
0.0515746
0.0515994
0.05163
0.0516671
0.0517109
0.0517627
0.0518215
0.0518878
0.0519627
0.0520467
0.0521382
0.0522347
0.0523377
0.0524459
0.0525571
0.0526702
0.0527848
0.0529019
0.053021
0.0531416
0.0532658
0.0533918
0.0535198
0.053648
0.0537788
0.0539119
0.0540458
0.0541811
0.0543186
0.0544583
0.0545986
0.0547414
0.0548857
0.0550314
0.055178
0.0553262
0.0554757
0.0556258
0.0557755
0.0559262
0.056077
0.0562289
0.0563813
0.0565324
0.0566835
0.0568337
0.0569833
0.0571324
0.0572813
0.0574293
0.0575759
0.0577207
0.0578646
0.0580075
0.0581489
0.0582893
0.0584272
0.0585633
0.0586982
0.058831
0.0589631
0.0590939
0.0592227
0.0593496
0.0594755
0.0595991
0.0597195
0.0598378
0.0599539
0.0600683
0.0601803
0.06029
0.0603972
0.0605017
0.0606033
0.0607017
0.0607969
0.0608889
0.0609779
0.0610634
0.0611467
0.0612265
0.0613039
0.0613788
0.0614509
0.0615202
0.0615866
0.0616501
0.0617106
0.0617677
0.0618213
0.0618713
0.0619181
0.0619611
0.0620006
0.0620373
0.0620707
0.0621011
0.0621297
0.0621552
0.0621776
0.0621967
0.0622125
0.0622256
0.0622354
0.0622421
0.0622464
0.0622475
0.0622459
0.0622408
0.0622331
0.0622227
0.0622096
0.0621934
0.0621746
0.0621527
0.0621273
0.062099
0.062068
0.0620346
0.0619989
0.0619605
0.061919
0.061875
0.0618291
0.0617811
0.0617313
0.0616791
0.061625
0.061569
0.0615105
0.0614496
0.0613863
0.0613199
0.0612506
0.061179
0.0611051
0.0610289
0.0609498
0.0608681
0.0607841
0.0606971
0.0606074
0.060515
0.0604196
0.0603212
0.0602197
0.0601156
0.0600095
0.0599007
0.059789
0.0596746
0.0595569
0.0594361
0.0593119
0.0591846
0.0590541
0.0589204
0.0587836
0.0586438
0.058501
0.0583551
0.0582061
0.0580542
0.0578992
0.0577408
0.0575797
0.0574155
0.0572487
0.0570787
0.0569056
0.05673
0.0565515
0.0563703
0.0561862
0.0559989
0.0558092
0.0556169
0.0554219
0.0552243
0.055024
0.0548216
0.0546168
0.0544097
0.0541998
0.0539877
0.0537732
0.0535562
0.0533375
0.053117
0.0528949
0.0526713
0.0524459
0.0522197
0.0519936
0.0517743
0.05157
0.0513814
0.0512098
0.0510487
0.0508909
0.0507363
0.0505837
0.0504306
0.0502772
0.0501226
0.0499675
0.0498118
0.0496552
0.0494983
0.0493414
0.0491844
0.0490284
0.0488736
0.0487199
0.0485649
0.0484085
0.0482506
0.0480918
0.0479322
0.0477718
0.0476105
0.047448
0.0472844
0.0471195
0.0469532
0.0467858
0.046618
0.0464496
0.0462801
0.0461102
0.0459398
0.0457683
0.0455959
0.0454225
0.0452475
0.0450718
0.0448952
0.0447176
0.0445388
0.0443601
0.044181
0.0440017
0.0438228
0.0436439
0.043465
0.0432875
0.0431124
0.0429408
0.0427732
0.0426082
0.0424446
0.0422838
0.0421239
0.0419655
0.041809
0.0416543
0.0415014
0.04135
0.0411999
0.0410517
0.0409055
0.0407615
0.0406201
0.0404795
0.040341
0.0402039
0.0400692
0.0399364
0.0398071
0.0396805
0.0395555
0.0394333
0.0393135
0.0391958
0.0390801
0.0389667
0.0388549
0.0387457
0.0386391
0.0385345
0.0384327
0.0383332
0.0382365
0.0381423
0.0380509
0.0379616
0.0378748
0.0377908
0.0377087
0.0376288
0.0375516
0.0374775
0.0374057
0.0373375
0.037273
0.0372118
0.0371546
0.0371001
0.0370497
0.0370017
0.0369564
0.0369143
0.0368756
0.0368402
0.0368081
0.03678
0.0367554
0.0367336
0.0367159
0.036702
0.0366917
0.0366855
0.036684
0.0366864
0.036693
0.036705
0.0367209
0.036741
0.0367656
0.036794
0.036827
0.0368643
0.0369061
0.0369518
0.037001
0.0370559
0.0371158
0.0371798
0.0372485
0.0373227
0.0374028
0.0374855
0.0375704
0.0376567
0.0377444
0.0378331
0.037923
0.0380145
0.0381069
0.0382007
0.0382952
0.0383911
0.0384877
0.0385857
0.0386844
0.0387839
0.0388838
0.0389847
0.0390863
0.039188
0.0392904
0.0393932
0.0394962
0.0395998
0.0397037
0.039808
0.039912
0.0400162
0.0401204
0.0402249
0.0403287
0.040432
0.0405347
0.0406368
0.0407386
0.0408397
0.0409394
0.041038
0.0411361
0.0412321
0.0413278
0.0414226
0.0415159
0.0416086
0.0416998
0.0417898
0.0418785
0.0419661
0.0420519
0.0421358
0.0422186
0.0422998
0.0423796
0.0424577
0.0425345
0.0426096
0.0426824
0.0427533
0.042822
0.0428887
0.0429534
0.043016
0.0430772
0.0431363
0.0431934
0.0432484
0.0433022
0.0433536
0.0434027
0.04345
0.0434949
0.0435377
0.0435785
0.0436167
0.0436526
0.0436863
0.0437172
0.0437455
0.0437715
0.0437952
0.0438169
0.0438363
0.0438537
0.043869
0.0438823
0.0438932
0.0439016
0.0439081
0.0439129
0.0439156
0.043916
0.0439141
0.0439101
0.0439041
0.0438962
0.043886
0.0438738
0.0438597
0.0438436
0.0438253
0.0438051
0.0437834
0.0437599
0.0437344
0.0437067
0.0436769
0.0436452
0.0436117
0.0435764
0.0435392
0.0435009
0.0434613
0.0434201
0.0433774
0.0433332
0.0432876
0.0432403
0.0431911
0.0431409
0.0430899
0.0430373
0.042983
0.0429269
0.0428691
0.0428097
0.0427483
0.0426849
0.0426196
0.0425527
0.0424838
0.0424128
0.0423399
0.042265
0.0421882
0.0421099
0.0420301
0.0419482
0.0418637
0.0417775
0.0416891
0.0415988
0.0415064
0.0414116
0.0413147
0.0412157
0.0411146
0.0410115
0.0409063
0.0407991
0.0406896
0.0405777
0.0404641
0.0403485
0.0402313
0.0401124
0.0399916
0.0398691
0.0397447
0.0396182
0.0394899
0.0393601
0.0392282
0.0390944
0.0389588
0.0388218
0.0386834
0.0385438
0.0384029
0.0382606
0.0381174
0.037973
0.0378273
0.0376806
0.037533
0.0373845
0.0372352
0.037085
0.0369344
0.0367836
0.0366328
0.0364834
0.0363372
0.0361952
0.036057
0.0359229
0.0357944
0.0356719
0.0355543
0.0354383
0.0353239
0.0352102
0.0350964
0.034982
0.0348672
0.0347522
0.0346362
0.0345201
0.0344041
0.0342879
0.0341718
0.0340566
0.0339424
0.0338284
0.0337135
0.033598
0.0334818
0.0333655
0.0332493
0.033133
0.0330167
0.0329001
0.0327832
0.0326659
0.0325478
0.0324298
0.0323113
0.0321923
0.0320729
0.0319532
0.031833
0.0317125
0.0315918
0.0314712
0.0313507
0.0312298
0.0311095
0.0309896
0.0308718
0.0307567
0.0306431
0.0305306
0.0304197
0.0303098
0.0302009
0.030093
0.0299863
0.0298805
0.0297753
0.0296713
0.029568
0.0294659
0.0293646
0.0292641
0.029165
0.0290669
0.0289699
0.0288734
0.0287775
0.0286831
0.0285899
0.028498
0.0284065
0.0283164
0.0282278
0.0281409
0.0280556
0.0279709
0.0278881
0.0278073
0.0277285
0.027651
0.0275754
0.0275014
0.0274283
0.0273574
0.0272881
0.0272206
0.0271541
0.0270898
0.0270274
0.0269665
0.0269074
0.0268502
0.0267951
0.0267415
0.0266893
0.0266385
0.0265897
0.0265421
0.026496
0.0264523
0.0264103
0.02637
0.0263316
0.0262951
0.0262608
0.0262291
0.0261994
0.0261716
0.0261462
0.0261239
0.0261044
0.0260869
0.0260715
0.0260592
0.0260488
0.0260407
0.0260355
0.0260334
0.0260341
0.0260384
0.0260455
0.0260564
0.0260711
0.026089
0.0261109
0.0261354
0.0261629
0.0261939
0.0262277
0.0262645
0.0263047
0.0263479
0.0263941
0.0264428
0.0264933
0.0265454
0.0265982
0.0266517
0.0267062
0.0267613
0.0268178
0.0268747
0.0269324
0.0269912
0.0270509
0.027111
0.0271717
0.0272331
0.0272956
0.0273584
0.0274218
0.0274855
0.0275496
0.0276141
0.0276785
0.0277434
0.0278085
0.0278741
0.0279398
0.028006
0.0280724
0.0281391
0.0282061
0.0282728
0.0283398
0.0284063
0.0284728
0.0285389
0.0286046
0.0286697
0.0287336
0.0287974
0.0288603
0.0289224
0.0289842
0.0290447
0.029105
0.0291636
0.0292215
0.0292786
0.0293346
0.0293894
0.0294434
0.0294968
0.0295492
0.0296007
0.0296513
0.0297008
0.0297494
0.0297967
0.0298431
0.0298878
0.0299312
0.0299732
0.0300141
0.0300536
0.0300916
0.0301286
0.0301643
0.0301983
0.0302312
0.0302627
0.0302927
0.0303214
0.0303485
0.0303741
0.030398
0.0304205
0.0304415
0.0304605
0.0304782
0.0304943
0.0305089
0.0305221
0.030534
0.0305445
0.0305532
0.0305603
0.030566
0.0305703
0.0305729
0.030574
0.0305734
0.0305715
0.030568
0.0305631
0.030557
0.0305492
0.0305401
0.03053
0.0305182
0.0305047
0.03049
0.0304737
0.0304561
0.0304366
0.0304159
0.030394
0.0303707
0.0303466
0.0303215
0.0302952
0.030268
0.0302398
0.0302108
0.0301813
0.0301508
0.0301196
0.0300872
0.0300536
0.0300191
0.0299834
0.0299462
0.0299079
0.0298684
0.0298275
0.0297852
0.0297417
0.0296972
0.0296519
0.0296054
0.0295579
0.0295091
0.0294592
0.0294082
0.0293557
0.0293018
0.0292469
0.0291905
0.0291329
0.0290744
0.029015
0.0289541
0.028892
0.0288287
0.0287637
0.0286971
0.0286291
0.0285599
0.0284895
0.0284175
0.0283442
0.0282699
0.0281942
0.0281174
0.0280394
0.0279604
0.0278805
0.0277993
0.0277168
0.0276331
0.0275483
0.0274623
0.0273753
0.0272878
0.0271993
0.0271098
0.0270192
0.0269274
0.0268348
0.0267414
0.026647
0.0265518
0.026456
0.0263597
0.0262627
0.0261654
0.0260675
0.0259691
0.0258703
0.0257717
0.0256733
0.0255757
0.025479
0.0253833
0.0252889
0.0251955
0.0251031
0.0250126
0.0249241
0.024839
0.024757
0.0246761
0.0245962
0.0245172
0.0244383
0.0243593
0.0242798
0.0242
0.02412
0.02404
0.0239601
0.0238801
0.0238006
0.0237215
0.0236431
0.0235656
0.0234881
0.0234104
0.0233326
0.0232551
0.0231777
0.0231005
0.0230233
0.0229459
0.0228682
0.0227904
0.0227123
0.0226341
0.0225555
0.0224768
0.0223977
0.0223186
0.0222403
0.0221622
0.0220848
0.0220087
0.0219336
0.021859
0.0217852
0.021712
0.0216395
0.0215673
0.0214954
0.0214239
0.021353
0.0212825
0.0212126
0.0211432
0.021074
0.0210058
0.020938
0.0208707
0.0208045
0.0207387
0.0206734
0.0206081
0.0205433
0.0204791
0.0204156
0.0203526
0.0202896
0.0202275
0.0201666
0.0201063
0.0200468
0.0199879
0.0199296
0.0198727
0.0198159
0.01976
0.0197052
0.0196513
0.0195985
0.0195472
0.0194975
0.0194489
0.0194012
0.0193543
0.0193087
0.0192636
0.0192192
0.0191766
0.0191355
0.0190963
0.0190585
0.0190216
0.0189859
0.0189512
0.0189175
0.0188853
0.018854
0.0188238
0.0187948
0.0187674
0.0187414
0.018717
0.0186937
0.0186719
0.018652
0.0186339
0.0186172
0.018602
0.0185883
0.0185761
0.0185662
0.0185582
0.0185524
0.0185486
0.0185464
0.0185464
0.018549
0.0185538
0.0185609
0.0185703
0.0185822
0.0185966
0.0186129
0.0186315
0.0186524
0.0186757
0.0187005
0.0187263
0.0187538
0.0187826
0.0188129
0.0188438
0.0188756
0.0189084
0.0189418
0.0189758
0.0190104
0.0190453
0.0190809
0.0191166
0.0191528
0.0191897
0.0192274
0.0192654
0.019304
0.0193429
0.0193823
0.0194221
0.0194623
0.0195032
0.0195442
0.0195854
0.0196268
0.0196686
0.0197106
0.0197531
0.019796
0.019839
0.0198824
0.0199256
0.0199692
0.0200129
0.0200567
0.0201004
0.0201437
0.0201868
0.0202293
0.0202716
0.0203137
0.0203552
0.0203965
0.0204373
0.0204776
0.0205177
0.020557
0.0205962
0.0206346
0.0206724
0.0207095
0.0207459
0.020782
0.0208173
0.0208518
0.0208858
0.0209191
0.0209519
0.0209838
0.0210151
0.0210454
0.0210748
0.0211035
0.0211309
0.0211578
0.0211837
0.0212087
0.0212329
0.0212561
0.0212785
0.0213001
0.0213207
0.0213405
0.0213592
0.0213769
0.0213936
0.0214094
0.0214241
0.0214377
0.0214501
0.0214616
0.021472
0.0214814
0.0214898
0.0214973
0.0215037
0.0215089
0.0215131
0.0215161
0.0215182
0.0215195
0.0215198
0.021519
0.0215171
0.0215141
0.0215101
0.021505
0.021499
0.0214922
0.0214847
0.021476
0.0214667
0.0214562
0.0214446
0.021432
0.0214183
0.0214038
0.0213884
0.0213723
0.0213555
0.0213379
0.0213197
0.0213006
0.0212807
0.0212602
0.0212389
0.021217
0.0211945
0.0211713
0.0211473
0.0211227
0.0210974
0.0210713
0.0210444
0.0210165
0.0209877
0.020958
0.0209275
0.0208961
0.0208639
0.020831
0.0207977
0.0207637
0.020729
0.0206936
0.0206575
0.0206203
0.0205824
0.0205437
0.0205042
0.0204638
0.0204226
0.0203806
0.0203381
0.0202946
0.0202506
0.0202058
0.02016
0.0201133
0.0200657
0.0200171
0.0199676
0.0199173
0.0198661
0.0198142
0.0197617
0.0197083
0.0196541
0.019599
0.0195432
0.0194865
0.019429
0.0193711
0.0193123
0.0192527
0.0191926
0.0191317
0.0190702
0.0190082
0.0189456
0.0188823
0.0188186
0.0187543
0.0186896
0.0186245
0.018559
0.0184934
0.0184277
0.0183619
0.0182962
0.0182308
0.0181655
0.0181005
0.0180358
0.0179714
0.0179073
0.0178439
0.0177811
0.0177191
0.0176579
0.0175989
0.0175422
0.017486
0.0174305
0.0173755
0.017321
0.0172665
0.0172121
0.0171574
0.0171028
0.0170481
0.0169933
0.0169386
0.0168843
0.0168301
0.0167762
0.0167228
0.0166699
0.016617
0.0165642
0.0165111
0.0164578
0.0164045
0.0163517
0.016299
0.0162462
0.0161933
0.0161403
0.0160869
0.0160334
0.0159801
0.0159267
0.0158735
0.0158205
0.0157679
0.0157161
0.0156648
0.015614
0.0155639
0.0155141
0.0154645
0.0154151
0.0153658
0.0153169
0.0152683
0.0152199
0.0151716
0.0151235
0.0150759
0.0150286
0.0149815
0.0149348
0.0148885
0.0148425
0.0147967
0.0147512
0.0147059
0.0146611
0.0146163
0.014572
0.0145283
0.0144848
0.0144418
0.0143992
0.0143568
0.0143149
0.0142731
0.0142318
0.0141912
0.014151
0.0141114
0.0140726
0.0140343
0.0139965
0.0139594
0.013923
0.0138873
0.0138522
0.0138177
0.0137842
0.0137517
0.01372
0.0136894
0.0136598
0.013631
0.0136031
0.0135757
0.0135493
0.0135238
0.0134992
0.0134758
0.013454
0.0134331
0.0134133
0.0133947
0.0133776
0.0133619
0.0133474
0.0133338
0.0133213
0.0133104
0.0133012
0.013293
0.0132863
0.0132811
0.0132776
0.0132757
0.0132755
0.0132765
0.0132794
0.0132841
0.0132901
0.0132978
0.0133072
0.0133179
0.0133294
0.0133415
0.0133544
0.0133682
0.0133828
0.013398
0.0134138
0.0134298
0.0134467
0.0134639
0.0134817
0.0135002
0.0135192
0.0135388
0.0135586
0.0135788
0.0135996
0.0136207
0.0136422
0.0136639
0.0136861
0.0137089
0.013732
0.0137553
0.0137791
0.0138032
0.0138274
0.0138522
0.0138773
0.0139028
0.0139286
0.0139544
0.0139806
0.014007
0.0140336
0.0140604
0.0140873
0.0141144
0.0141415
0.0141687
0.0141959
0.0142233
0.0142505
0.0142776
0.0143046
0.0143314
0.0143584
0.0143851
0.0144115
0.0144376
0.0144636
0.0144893
0.0145148
0.0145399
0.0145648
0.0145894
0.0146139
0.0146378
0.0146614
0.0146845
0.0147074
0.0147297
0.0147516
0.0147729
0.0147936
0.0148138
0.0148337
0.014853
0.0148721
0.0148906
0.0149086
0.0149261
0.0149428
0.014959
0.0149746
0.0149895
0.0150037
0.015017
0.0150299
0.0150419
0.0150532
0.0150638
0.0150739
0.0150835
0.0150924
0.0151008
0.0151084
0.0151157
0.0151221
0.0151277
0.0151327
0.0151372
0.0151409
0.0151437
0.0151457
0.0151471
0.0151478
0.0151477
0.015147
0.0151457
0.0151436
0.0151407
0.0151368
0.0151325
0.0151277
0.0151226
0.0151167
0.0151102
0.0151033
0.0150957
0.0150875
0.0150787
0.0150693
0.0150591
0.0150484
0.0150372
0.0150254
0.015013
0.0149999
0.0149862
0.0149722
0.0149575
0.0149421
0.0149263
0.01491
0.014893
0.0148755
0.0148574
0.0148388
0.0148195
0.0147997
0.0147792
0.0147582
0.0147366
0.0147146
0.014692
0.0146687
0.0146449
0.0146207
0.014596
0.0145712
0.014546
0.0145203
0.0144942
0.0144675
0.0144403
0.0144126
0.0143843
0.0143556
0.0143264
0.0142966
0.0142662
0.0142352
0.0142038
0.0141719
0.0141394
0.0141064
0.0140729
0.0140389
0.0140043
0.0139691
0.0139334
0.0138972
0.0138604
0.0138229
0.0137849
0.0137462
0.0137071
0.0136674
0.0136274
0.0135869
0.0135459
0.0135045
0.0134627
0.0134204
0.0133778
0.0133348
0.0132915
0.0132479
0.0132041
0.01316
0.0131157
0.0130713
0.0130269
0.0129827
0.0129384
0.0128943
0.0128502
0.0128063
0.0127624
0.0127187
0.0126754
0.0126325
0.01259
0.0125478
0.0125061
0.0124656
0.012427
0.0123887
0.0123509
0.0123134
0.0122764
0.0122395
0.0122027
0.0121657
0.0121287
0.0120916
0.0120547
0.0120177
0.011981
0.0119444
0.0119079
0.0118717
0.0118359
0.0118003
0.0117643
0.0117282
0.0116921
0.0116558
0.0116195
0.0115834
0.0115475
0.0115115
0.0114755
0.0114394
0.011403
0.0113667
0.0113306
0.0112943
0.011258
0.0112219
0.0111862
0.0111506
0.0111155
0.0110806
0.011046
0.0110116
0.0109773
0.0109432
0.0109092
0.0108754
0.0108417
0.0108082
0.0107748
0.0107416
0.0107084
0.0106756
0.0106429
0.0106103
0.0105781
0.010546
0.010514
0.0104823
0.0104507
0.0104193
0.0103881
0.0103571
0.0103263
0.0102958
0.0102655
0.0102355
0.0102059
0.0101765
0.0101472
0.0101184
0.0100898
0.0100615
0.0100334
0.0100059
0.00997876
0.00995196
0.00992551
0.00989984
0.00987456
0.00984958
0.00982518
0.00980156
0.00977838
0.00975603
0.00973428
0.00971331
0.00969304
0.00967335
0.0096546
0.00963691
0.00962
0.0096039
0.00958888
0.0095748
0.00956143
0.00954913
0.00953774
0.00952761
0.0095189
0.00951113
0.00950435
0.00949872
0.00949439
0.00949113
0.00948907
0.00948803
0.00948838
0.00948985
0.00949267
0.00949652
0.00950142
0.00950685
0.00951284
0.00951931
0.00952648
0.00953444
0.00954286
0.00955163
0.00956063
0.00956973
0.00957907
0.00958884
0.00959882
0.00960898
0.0096194
0.00963022
0.00964148
0.00965297
0.00966484
0.00967708
0.00968977
0.0097026
0.00971578
0.00972932
0.00974316
0.00975726
0.0097715
0.00978608
0.00980111
0.00981644
0.00983203
0.00984789
0.00986398
0.00988032
0.00989693
0.0099139
0.0099312
0.00994863
0.00996625
0.00998398
0.0100018
0.0100197
0.0100377
0.0100558
0.0100739
0.0100919
0.0101099
0.010128
0.0101461
0.0101641
0.0101821
0.0101998
0.0102177
0.0102355
0.0102532
0.0102708
0.0102882
0.0103055
0.0103226
0.0103396
0.0103564
0.0103729
0.0103894
0.0104057
0.0104216
0.0104374
0.0104529
0.0104683
0.0104833
0.0104978
0.010512
0.0105257
0.0105393
0.0105525
0.0105652
0.0105779
0.01059
0.0106018
0.0106131
0.0106241
0.0106347
0.010645
0.0106548
0.010664
0.0106726
0.0106808
0.0106885
0.0106958
0.0107027
0.0107091
0.010715
0.0107206
0.0107256
0.0107304
0.0107348
0.0107388
0.0107422
0.0107454
0.010748
0.0107501
0.0107516
0.0107526
0.0107532
0.0107532
0.0107528
0.0107518
0.0107504
0.0107484
0.0107458
0.0107428
0.0107395
0.0107359
0.010732
0.0107278
0.0107233
0.0107184
0.0107131
0.0107073
0.0107012
0.0106946
0.0106876
0.0106801
0.0106721
0.0106637
0.0106549
0.0106456
0.0106359
0.0106257
0.0106152
0.0106043
0.0105931
0.0105815
0.0105693
0.0105567
0.0105438
0.0105303
0.0105164
0.0105021
0.0104873
0.0104724
0.010457
0.0104415
0.0104256
0.0104092
0.0103926
0.0103757
0.0103585
0.0103409
0.010323
0.0103048
0.0102863
0.0102674
0.0102481
0.0102286
0.0102086
0.0101883
0.0101676
0.0101465
0.0101252
0.0101034
0.0100812
0.0100587
0.0100359
0.0100126
0.00998892
0.00996486
0.00994042
0.0099157
0.00989059
0.00986502
0.00983907
0.00981274
0.00978598
0.00975881
0.00973127
0.00970335
0.00967512
0.00964661
0.00961772
0.00958857
0.00955917
0.00952948
0.0094995
0.00946929
0.00943898
0.00940855
0.00937789
0.00934712
0.00931633
0.00928555
0.00925482
0.0092242
0.00919369
0.00916324
0.00913291
0.00910264
0.00907256
0.00904263
0.00901301
0.00898375
0.00895487
0.00892651
0.00889948
0.00887314
0.00884704
0.00882115
0.00879543
0.00876982
0.0087444
0.00871912
0.00869382
0.00866847
0.00864315
0.00861786
0.00859255
