859.579
987.343
1032.58
1023.57
1001.23
967.312
939.33
888.562
830.174
767.821
699.659
634.672
576.964
529.357
487.294
448.019
414.049
386.091
362.355
341.109
322.734
307.123
293.016
279.509
266.552
254.371
242.787
231.507
220.62
210.575
201.931
195.701
194.122
195.778
198.83
202.754
207.304
212.552
218.465
224.788
231.364
238.191
245.38
252.902
260.623
268.545
276.523
284.582
292.717
300.941
309.347
317.786
326.111
334.562
342.851
350.412
357.147
363.029
368.05
372.688
377.246
381.665
386.224
389.972
392.823
395.037
396.417
396.795
396.176
394.879
393.024
390.769
388.24
385.15
381.45
377.253
372.753
368.176
363.664
359.124
354.484
349.814
345.098
340.482
336.297
333.001
330.893
329.448
328.559
327.871
327.607
327.915
328.886
330.809
333.811
337.522
342.121
348.028
354.363
360.695
366.92
372.989
378.991
384.834
390.514
396.028
401.308
406.377
411.264
415.925
420.417
424.712
428.798
432.629
436.229
439.631
442.828
445.757
448.401
450.651
452.432
453.747
454.665
455.336
455.737
455.868
455.676
455.049
453.897
452.129
449.718
446.586
442.75
438.25
433.256
428.001
422.651
417.052
411.186
405.252
399.465
393.939
388.738
383.723
378.911
374.475
370.546
367.63
365.191
363.094
361.012
358.829
356.457
353.812
350.95
348.137
345.293
342.309
339.112
335.671
332.104
328.613
325.187
321.821
318.915
317.005
315.81
315.353
315.414
315.656
315.906
316.189
316.535
316.956
317.424
317.963
318.59
319.281
319.984
320.695
321.365
321.929
322.402
322.741
322.913
322.877
322.621
322.129
321.339
320.238
318.95
333.256
337.033
342.056
351.882
349.997
348.34
346.768
345.316
344.049
342.92
341.981
341.23
340.735
340.437
340.429
340.621
340.972
341.59
342.405
343.131
343.708
344.121
344.376
344.445
344.344
344.062
343.619
342.995
342.207
341.242
340.117
338.789
337.266
335.623
333.858
332.064
330.251
328.411
326.549
324.662
322.747
320.772
318.79
316.805
314.794
312.715
310.643
309
307.639
306.344
305.188
304.073
302.96
301.846
300.664
299.465
298.282
297.142
295.996
294.834
293.738
292.844
291.988
291.093
290.152
289.154
288.088
286.997
285.889
284.843
283.89
282.993
282.173
281.464
280.88
280.497
280.318
280.441
280.922
281.834
283.241
285.089
287.43
290.309
293.665
297.542
301.918
306.888
312.009
317.112
322.151
327.104
331.946
336.641
341.204
345.625
349.881
354.009
358.059
362.027
365.896
369.647
373.211
376.554
379.666
382.557
385.239
387.698
389.934
391.93
393.69
395.237
396.584
397.724
398.683
399.478
400.149
400.694
401.104
401.386
401.537
401.535
401.422
401.227
401.015
400.815
400.84
400.966
401
400.908
400.687
400.327
399.823
399.164
398.38
397.525
396.628
395.66
394.573
393.364
392.009
390.516
388.894
387.154
385.298
383.344
381.299
379.166
376.945
374.706
372.461
370.214
367.944
365.676
363.394
361.11
358.815
356.519
354.223
351.939
349.693
347.528
345.407
343.356
341.384
339.461
337.563
335.683
333.817
331.959
330.098
328.236
326.38
324.535
322.687
320.837
318.988
317.152
315.73
315.145
315.009
315.204
315.639
316.241
316.939
317.682
318.392
319.052
319.622
320.086
320.419
320.613
320.666
320.563
320.301
319.903
319.357
318.655
317.823
316.831
315.704
314.431
313.013
311.39
309.579
307.563
305.358
303.011
300.557
298.087
295.652
293.242
290.835
288.424
286.024
283.653
281.337
279.115
277.025
275.04
273.144
271.307
269.543
267.845
266.256
264.752
263.286
261.829
260.384
258.951
257.582
256.24
254.914
253.599
252.281
250.936
249.544
248.104
246.763
246.135
245.901
245.818
253.429
271.353
291.092
291.21
291.413
291.314
290.888
290.328
289.734
289.184
288.704
288.28
287.901
287.543
287.138
286.657
286.04
285.236
284.269
283.144
281.885
280.545
279.179
277.87
276.606
275.369
274.158
272.942
271.723
270.468
269.152
267.763
266.294
264.742
263.135
261.481
259.786
258.091
256.547
255.125
253.834
252.688
251.65
250.728
249.918
249.242
248.744
248.403
248.203
248.189
248.439
248.86
249.378
250.002
250.771
251.703
252.833
254.189
255.814
257.756
260.054
262.756
265.901
269.563
273.802
278.693
284.302
290.69
297.89
305.905
314.809
324.714
335.315
346.436
358.028
370.034
382.375
394.957
407.667
420.378
432.954
445.264
457.193
468.664
479.594
489.959
499.81
509.08
517.729
525.594
532.667
538.913
544.416
550.397
557.089
563.355
568.988
573.824
577.739
580.699
582.593
583.366
582.998
581.487
578.919
575.464
571.649
567.8
564.101
560.426
556.723
553.098
549.484
546.07
542.838
539.829
537.083
534.584
532.324
530.047
527.828
525.504
523.184
520.801
518.443
515.992
513.481
510.901
508.379
506.008
503.739
501.692
499.842
498.228
496.964
496.211
496.024
496.34
497.148
498.194
499.141
500.008
500.73
501.189
501.376
501.303
500.897
500.224
499.233
497.99
496.518
494.82
492.925
490.894
488.708
486.418
483.971
481.391
478.744
476.077
473.447
471.072
469.105
467.507
466.256
465.344
464.752
464.502
464.56
464.959
465.709
466.83
468.324
470.201
472.393
474.834
477.547
480.497
483.623
486.914
490.409
494.113
498.09
502.428
507.09
512.149
517.571
523.297
529.231
535.438
541.588
547.54
553.278
558.768
563.95
568.802
573.357
577.529
581.389
585.166
588.717
591.783
594.281
596.193
597.676
598.829
599.566
599.866
599.691
599.014
597.848
596.118
593.768
590.975
588.04
585.381
583.581
582.922
583.02
583.068
582.965
582.501
581.65
580.397
578.801
576.959
574.829
572.385
569.633
566.645
563.451
560.185
556.935
553.732
550.854
548.517
546.772
545.426
544.361
543.414
542.503
541.62
540.676
539.711
538.642
537.467
536.181
534.802
533.259
531.595
529.823
527.953
526.052
524.186
522.38
520.649
518.987
517.415
516.019
514.861
514.003
513.375
512.883
512.534
512.276
512.09
511.972
511.966
512.059
512.279
512.534
512.796
512.935
512.934
512.804
512.481
511.962
511.216
510.288
509.159
507.846
506.342
504.604
502.696
500.607
498.391
496.068
493.799
491.682
489.891
488.621
487.939
487.733
487.921
488.581
489.649
491.033
492.647
494.307
496.041
497.712
499.266
500.794
502.248
503.473
504.554
505.449
506.163
506.55
506.737
506.772
506.635
506.233
505.535
504.399
502.972
501.248
499.268
497.196
495.004
492.997
491.211
489.55
488.261
487.574
487.361
487.426
487.627
487.814
487.924
487.949
487.9
487.701
487.378
486.812
486.012
484.926
483.575
482.064
480.334
478.429
476.239
473.765
470.895
467.613
463.958
459.808
455.201
450.167
444.732
439.116
433.444
427.701
421.917
416.102
410.354
404.769
399.588
394.893
390.823
387.09
383.472
379.965
376.54
373.23
370.009
366.901
363.864
361.026
358.74
357.182
356.035
354.888
353.722
352.461
351.152
349.879
348.731
347.881
347.337
347.218
347.51
347.99
348.556
349.34
350.366
351.707
353.662
356.68
360.645
365.157
370.101
375.303
380.633
385.906
391.079
396.031
400.71
405.065
409.072
412.682
415.835
418.565
420.869
422.717
424.149
425.184
425.836
426.191
426.317
426.254
425.895
425.289
424.422
423.282
421.909
420.236
418.29
416.08
413.605
410.882
407.886
404.607
401.016
397.154
393.045
388.727
384.287
379.784
375.261
370.771
366.366
362.246
358.915
356.801
355.521
354.763
354.299
353.957
353.611
353.178
352.672
352.063
351.365
350.654
349.999
349.542
349.649
350.364
351.273
352.266
353.283
354.309
355.332
356.373
357.372
358.285
359.098
359.846
360.467
360.948
361.431
361.837
362.197
362.482
362.739
362.992
363.196
363.408
363.725
364.399
365.384
366.587
368.015
369.743
371.605
373.378
374.962
376.349
377.515
378.436
379.109
379.542
379.713
379.645
379.411
379.047
378.507
377.807
376.999
376.095
375.052
373.85
372.51
371.049
369.5
367.917
366.303
364.643
362.929
361.182
359.416
357.631
355.805
353.953
352.074
350.198
348.321
346.415
344.448
342.401
340.265
338.06
335.859
333.748
331.807
329.932
328.107
326.277
324.442
322.575
320.657
318.705
316.699
314.636
312.507
310.304
308.046
305.728
303.384
301.007
298.626
296.263
293.937
291.645
289.387
287.168
284.969
282.794
280.656
278.542
276.452
274.378
272.345
270.436
268.917
267.982
267.264
266.577
265.933
265.31
264.704
264.072
263.415
262.732
262.024
261.33
260.673
260.08
259.542
259.04
258.574
258.112
257.625
257.095
256.509
255.852
255.126
254.327
253.446
252.5
251.5
250.449
249.36
248.339
247.455
246.842
246.34
245.841
245.308
244.731
244.138
243.543
242.949
242.357
241.769
241.212
240.737
240.388
240.114
239.833
239.54
239.227
238.886
238.495
238.066
237.572
237.034
236.461
235.876
235.273
234.653
234.032
233.437
233.066
232.909
232.895
232.973
233.117
233.313
233.549
233.793
234.028
234.253
234.443
234.564
234.606
234.574
234.436
234.215
233.922
233.558
233.147
232.699
232.218
231.714
231.204
230.669
230.115
229.532
228.927
228.277
227.599
226.881
226.154
225.373
224.604
223.818
223.034
222.277
221.532
220.813
220.129
219.482
218.881
218.348
217.925
217.608
217.325
217.047
216.734
216.384
215.99
215.56
215.101
214.611
214.076
213.485
212.829
212.106
211.328
210.5
209.652
208.95
208.342
207.742
207.126
206.48
205.806
205.082
204.32
203.515
202.651
201.728
200.735
199.675
198.554
197.373
196.127
194.828
193.479
192.095
190.669
189.219
187.737
186.242
184.724
183.203
181.678
180.147
178.62
177.103
175.595
174.115
172.65
171.221
169.834
168.507
167.248
166.081
165.014
164.055
163.216
162.509
161.925
161.462
161.113
160.86
160.689
160.594
160.567
160.601
160.683
160.806
160.957
161.141
161.348
161.572
161.809
162.059
162.32
162.599
162.888
163.188
163.501
163.83
164.181
164.553
164.947
165.363
165.797
166.245
166.701
167.171
167.651
168.142
168.642
169.158
169.688
170.232
170.787
171.359
171.953
172.583
173.234
173.92
174.647
175.412
176.225
177.089
178.005
178.981
180.029
181.112
182.194
183.259
184.32
185.355
186.377
187.371
188.342
189.284
190.202
191.083
191.934
192.755
193.545
194.31
195.047
195.779
196.5
197.228
197.957
198.673
199.364
200.013
200.617
201.174
201.685
202.149
202.554
202.907
203.208
203.458
203.654
203.808
203.893
203.917
203.874
203.756
203.568
203.306
202.976
202.571
202.096
201.552
200.933
200.254
199.507
198.701
197.838
196.92
195.951
194.937
193.886
192.797
191.679
190.534
189.351
188.143
186.908
185.664
184.408
183.157
181.931
180.746
179.581
178.416
177.241
176.05
174.844
173.62
172.377
171.116
169.836
168.538
167.225
165.897
164.556
163.203
161.84
160.471
159.099
157.729
156.362
155.006
153.666
152.346
151.05
149.785
148.56
147.375
146.241
145.16
144.127
143.132
142.18
141.273
140.413
139.612
138.896
138.296
137.805
137.41
137.096
136.849
136.655
136.505
136.394
136.316
136.267
136.241
136.234
136.243
136.265
136.299
136.338
136.383
136.433
136.488
136.55
136.615
136.686
136.764
136.855
136.957
137.07
137.195
137.325
137.457
137.586
137.704
137.805
137.891
137.957
138
138.016
138.005
137.963
137.888
137.784
137.65
137.48
137.273
137.029
136.746
136.425
136.062
135.661
135.218
134.735
134.215
133.66
133.076
132.459
131.814
131.145
130.457
129.766
129.071
128.372
127.669
126.966
126.268
125.599
124.995
124.435
123.892
123.365
122.857
122.366
121.889
121.419
120.956
120.495
120.035
119.574
119.107
118.636
118.16
117.68
117.192
116.7
116.206
115.707
115.204
114.701
114.194
113.685
113.177
112.671
112.167
111.668
111.175
110.689
110.208
109.73
109.256
108.78
108.296
107.805
107.303
106.789
106.26
105.717
105.154
104.577
103.982
103.373
102.748
102.103
101.435
100.745
100.046
99.3368
98.6271
97.9232
97.2319
96.5465
95.8637
95.1823
94.4968
93.8087
93.1155
92.4211
91.7252
91.0338
90.3502
89.6765
89.0117
88.3556
87.7169
87.0961
86.5067
85.9589
85.462
85.0135
84.615
84.2698
83.9772
83.7504
83.5865
83.4956
83.479
83.5537
83.7401
84.0534
84.4571
84.9172
85.4229
85.9731
86.5741
87.2212
87.9166
88.6622
89.4597
90.3033
91.2079
92.1714
93.1941
94.2663
95.3605
96.4702
97.5958
98.7383
99.8883
101.032
102.172
103.303
104.423
105.535
106.638
107.747
108.87
109.996
111.123
112.241
113.353
114.455
115.542
116.621
117.681
118.72
119.729
120.705
121.644
122.549
123.414
124.24
125.022
125.758
126.453
127.106
127.714
128.277
128.795
129.268
129.694
130.075
130.412
130.704
130.954
131.164
131.334
131.467
131.56
131.611
131.627
131.606
131.552
131.465
131.345
131.194
131.016
130.812
130.586
130.34
130.076
129.796
129.502
129.201
128.891
128.574
128.247
127.916
127.578
127.237
126.887
126.527
126.161
125.791
125.416
125.036
124.65
124.263
123.871
123.466
123.047
122.616
122.178
121.727
121.266
120.796
120.315
119.821
119.315
118.8
118.276
117.741
117.193
116.635
116.07
115.499
114.92
114.336
113.745
113.15
112.548
111.948
111.343
110.734
110.123
109.514
108.902
108.289
107.673
107.06
106.452
105.849
105.257
104.672
104.093
103.525
102.968
102.415
101.87
101.334
100.808
100.293
99.7924
99.3113
98.84
98.374
97.9067
97.4435
96.9874
96.5324
96.0785
95.6292
95.186
94.7469
94.308
93.8754
93.4458
93.0175
92.5954
92.1822
91.7726
91.3663
90.9759
90.5979
90.227
89.8677
89.5228
89.1898
88.8673
88.5621
88.2631
87.9737
87.698
87.4307
87.1715
86.9299
86.6991
86.4782
86.2678
86.0705
85.8858
85.7128
85.5486
85.3965
85.2542
85.1198
84.9962
84.8843
84.7823
84.686
84.6025
84.5278
84.4636
84.4071
84.3577
84.3178
84.2846
84.2646
84.2517
84.2475
84.2482
84.2586
84.2722
84.2941
84.318
84.3498
84.3823
84.42
84.4581
84.4987
84.541
84.5834
84.6267
84.6706
84.7125
84.7554
84.7966
84.8373
84.8766
84.9182
84.9572
84.997
85.0368
85.0771
85.1161
85.157
85.2012
85.2464
85.2945
85.3474
85.4086
85.4732
85.5385
85.6061
85.671
85.731
85.7871
85.8362
85.8746
85.9042
85.9248
85.9339
85.9317
85.9182
85.8924
85.8554
85.8022
85.7297
85.6414
85.5368
85.4137
85.275
85.1167
84.9404
84.7454
84.53
84.2959
84.0464
83.7792
83.4962
83.1965
82.8792
82.5442
82.1921
81.8238
81.4422
81.0463
80.638
80.2171
79.782
79.3338
78.8731
78.4015
77.9204
77.4324
76.9386
76.4393
75.9329
75.4224
74.9112
74.4
73.8963
73.4067
72.9476
72.5316
72.1499
71.8112
71.5267
71.2742
71.0447
70.8361
70.6511
70.4896
70.3513
70.2331
70.1368
70.058
70.0022
69.9682
69.9581
69.9658
69.992
70.0297
70.0798
70.1424
70.2167
70.301
70.3926
70.4903
70.5934
70.7017
70.8132
70.9252
71.0378
71.1502
71.2607
71.3704
71.4801
71.5875
71.6925
71.796
71.8981
71.9981
72.0956
72.1956
72.2982
72.4049
72.5144
72.6327
72.7603
72.8918
73.0243
73.1576
73.2921
73.4276
73.5645
73.7036
73.8473
73.9949
74.1544
74.3316
74.5178
74.7063
74.8971
75.0886
75.2772
75.4655
75.6511
75.8346
76.0162
76.1928
76.3657
76.5378
76.7066
76.8708
77.0313
77.1883
77.3386
77.4844
77.6234
77.756
77.8829
78.0016
78.1125
78.2171
78.3161
78.4149
78.5083
78.5924
78.6656
78.728
78.7767
78.8125
78.8355
78.8451
78.8402
78.8217
78.7891
78.7421
78.6815
78.6077
78.5208
78.4213
78.31
78.1884
78.0546
77.9094
77.7534
77.5892
77.4168
77.2368
77.0483
76.8519
76.648
76.438
76.2251
76.0114
75.7944
75.5743
75.3516
75.1252
74.8967
74.667
74.4369
74.2075
73.982
73.7624
73.5505
73.3434
73.1423
72.9463
72.7551
72.5689
72.3847
72.1986
72.0098
71.8177
71.6234
71.4257
71.224
71.0179
70.8082
70.5941
70.3765
70.1549
69.9295
69.7014
69.4694
69.2341
68.9959
68.7549
68.5107
68.2632
68.0126
67.7603
67.5049
67.2469
66.9865
66.7242
66.4598
66.1945
65.9294
65.6653
65.4019
65.1387
64.8762
64.616
64.358
64.1023
63.8468
63.5887
63.3282
63.0651
62.7995
62.5317
62.262
61.9897
61.7155
61.4403
61.1639
60.8867
60.6094
60.3316
60.0536
59.7754
59.4974
59.2195
58.9422
58.6657
58.3896
58.1136
57.8393
57.5672
57.2982
57.0312
56.7665
56.5049
56.246
55.9904
55.738
55.4892
55.2438
55.002
54.7644
54.5317
54.305
54.0874
53.8802
53.6851
53.4994
53.321
53.1487
52.9804
52.8153
52.6522
52.4911
52.3327
52.1777
52.0245
51.8743
51.727
51.5835
51.4436
51.3067
51.1739
51.0448
50.9209
50.8016
50.6874
50.5803
50.4806
50.3874
50.3011
50.2216
50.1495
50.0851
50.0288
49.9797
49.9368
49.9006
49.8663
49.8327
49.7999
49.7669
49.7313
49.6936
49.653
49.609
49.5628
49.5145
49.4639
49.4113
49.3571
49.3002
49.2414
49.1793
49.1126
49.0405
48.963
48.8792
48.7892
48.693
48.5898
48.479
48.3616
48.2372
48.1055
47.9658
47.8186
47.6641
47.5023
47.3331
47.1569
46.9738
46.7851
46.5899
46.39
46.1863
45.9778
45.7638
45.5446
45.3212
45.0926
44.8591
44.6204
44.3765
44.1274
43.8738
43.6153
43.3548
43.1011
42.858
42.6211
42.389
42.1597
41.9323
41.7062
41.4803
41.2533
41.0254
40.7963
40.5648
40.3311
40.0954
39.8565
39.6157
39.3727
39.1278
38.8818
38.6351
38.3885
38.1413
37.8936
37.6459
37.3979
37.1498
36.9025
36.6552
36.4081
36.16
35.9116
35.6627
35.4132
35.1638
34.9146
34.6656
34.4176
34.1701
33.9248
33.6812
33.44
33.2017
32.9657
32.7337
32.5072
32.2856
32.0693
31.8583
31.6516
31.4458
31.2417
31.0411
30.8481
30.6736
30.5131
30.3563
30.2005
30.0456
29.8921
29.7417
29.5958
29.4532
29.3205
29.1995
29.0854
28.9758
28.869
28.7645
28.6621
28.5618
28.4628
28.3647
28.2662
28.1684
28.0703
27.9714
27.8721
27.7799
27.7181
27.7183
27.772
27.8599
27.9726
28.1077
28.2629
28.4358
28.6247
28.8283
29.0431
29.2682
29.5026
29.7457
29.9967
30.255
30.5201
30.7931
31.0754
31.3617
31.6534
31.9558
32.2668
32.5749
32.8778
33.1748
33.4649
33.7488
34.0277
34.2997
34.5637
34.8179
35.0623
35.2963
35.5208
35.736
35.9406
36.1353
36.3202
36.4954
36.6611
36.8191
36.9711
37.1213
37.2702
37.4177
37.5635
37.7077
37.8487
37.9871
38.1228
38.2556
38.3851
38.5096
38.6293
38.7435
38.8522
38.9557
39.054
39.147
39.2337
39.3147
39.3897
39.4598
39.5238
39.5815
39.6336
39.6799
39.7198
39.7543
39.7848
39.8107
39.8322
39.8498
39.8632
39.8715
39.8762
39.8769
39.8743
39.869
39.8612
39.8502
39.8355
39.816
39.7919
39.7624
39.7288
39.6904
39.6478
39.602
39.5521
39.4984
39.4407
39.3787
39.3121
39.2422
39.1685
39.0902
39.0076
38.9213
38.8296
38.734
38.6329
38.5275
38.4183
38.3043
38.1862
38.0629
37.9358
37.8042
37.668
37.5278
37.384
37.2362
37.0852
36.9307
36.7723
36.6108
36.4459
36.2783
36.1081
35.9354
35.761
35.5841
35.4054
35.2247
35.043
34.8606
34.6773
34.4944
34.3107
34.1277
33.9452
33.7631
33.5814
33.4009
33.2217
33.0439
32.8671
32.6917
32.5172
32.3444
32.1722
32.0015
31.8317
31.6632
31.496
31.3298
31.1647
31.0012
30.8388
30.6789
30.5215
30.3673
30.2174
30.0703
29.9274
29.7885
29.6544
29.5251
29.4024
29.2882
29.1805
29.0789
28.9821
28.8906
28.8028
28.7199
28.6405
28.5645
28.4924
28.4236
28.3579
28.2949
28.2344
28.1753
28.1186
28.0632
28.0095
27.9567
27.9054
27.8557
27.807
27.7584
27.7102
27.6623
27.6141
27.5659
27.5179
27.4701
27.4217
27.3733
27.3248
27.2758
27.2267
27.1776
27.1288
27.0803
27.0314
26.9825
26.9341
26.8861
26.8388
26.7922
26.7469
26.7029
26.6595
26.6167
26.5749
26.5333
26.4906
26.4463
26.4005
26.353
26.3041
26.2536
26.2017
26.1493
26.0958
26.0414
25.986
25.9296
25.872
25.8134
25.7537
25.6927
25.6307
25.5678
25.5041
25.4396
25.3748
25.3101
25.2453
25.1807
25.1161
25.0514
24.9863
24.9212
24.8562
24.7915
24.7271
24.6632
24.6003
24.5379
24.4764
24.416
24.357
24.2996
24.2438
24.19
24.1385
24.0895
24.0428
23.9981
23.9553
23.9146
23.8762
23.8407
23.8087
23.7797
23.7537
23.7308
23.711
23.6943
23.6801
23.6682
23.6587
23.6515
23.6484
23.6499
23.6546
23.6621
23.6718
23.6832
23.6961
23.7104
23.7251
23.7408
23.7571
23.7737
23.7905
23.8075
23.8245
23.8421
23.8599
23.8781
23.8961
23.9142
23.9325
23.9509
23.9691
23.9871
24.0047
24.0216
24.0373
24.0527
24.0672
24.0812
24.0947
24.1068
24.1166
24.1239
24.1282
24.1298
24.1283
24.1234
24.1153
24.1038
24.0889
24.0706
24.0484
24.0224
23.9928
23.9594
23.922
23.8802
23.8342
23.7838
23.7289
23.6694
23.605
23.5359
23.4622
23.3835
23.3
23.2115
23.1179
23.0195
22.9165
22.8086
22.6959
22.5783
22.4559
22.3286
22.1971
22.062
21.923
21.7804
21.6338
21.4833
21.3292
21.1713
21.0096
20.8441
20.6752
20.5032
20.3273
20.1482
19.966
19.7809
19.5928
19.4024
19.2091
19.0135
18.816
18.6168
18.4166
18.2156
18.0141
17.8129
17.6129
17.4146
17.219
17.0276
16.8406
16.6577
16.4795
16.3052
16.1352
15.9687
15.8061
15.6475
15.4932
15.3432
15.1979
15.0563
14.9187
14.7853
14.6555
14.5299
14.4079
14.2888
14.1732
14.061
13.9519
13.8456
13.7422
13.6415
13.543
13.4474
13.3542
13.2628
13.1738
13.0866
13.0015
12.9185
12.8372
12.7577
12.6797
12.6032
12.5284
12.4552
12.3835
12.3136
12.2456
12.1796
12.1149
12.0523
11.9918
11.9328
11.8754
11.8194
11.7649
11.7121
11.6612
11.6122
11.5653
11.5204
11.4777
11.4367
11.3977
11.3607
11.3257
11.2933
11.2625
11.2337
11.2068
11.1813
11.1572
11.1342
11.1125
11.0923
11.0733
11.0554
11.0388
11.024
11.0112
11
10.9901
10.9826
10.9768
10.9727
10.9716
10.9727
10.976
10.9824
10.991
11.0029
11.0178
11.0361
11.0572
11.081
11.1078
11.1374
11.1703
11.2068
11.2472
11.2912
11.3378
11.3865
11.4364
11.4876
11.5401
11.5942
11.6497
11.7065
11.7639
11.8225
11.882
11.9423
12.0029
12.0641
12.1256
12.1872
12.2491
12.3116
12.3744
12.4375
12.501
12.5647
12.6281
12.6905
12.752
12.8126
12.8721
12.9306
12.9881
13.0448
13.1004
13.155
13.2086
13.2613
13.3133
13.3643
13.4144
13.4632
13.5109
13.5572
13.6023
13.6461
13.6885
13.7296
13.7695
13.8082
13.8457
13.882
13.9172
13.9513
13.9844
14.0164
14.0472
14.0768
14.1052
14.1325
14.1588
14.1841
14.2088
14.2326
14.2559
14.2784
14.3002
14.3215
14.3422
14.3624
14.3819
14.4009
14.4194
14.4373
14.4545
14.4712
14.4872
14.5024
14.517
14.5311
14.5445
14.5571
14.569
14.5803
14.5911
14.6014
14.611
14.62
14.6284
14.6363
14.6435
14.6506
14.6575
14.6638
14.6698
14.6754
14.6806
14.6854
14.69
14.6943
14.6984
14.7021
14.7055
14.7085
14.7109
14.7128
14.7144
14.7154
14.716
14.7162
14.7158
14.7149
14.7135
14.7118
14.7097
14.7072
14.7045
14.7015
14.6981
14.6946
14.6909
14.6872
14.6837
14.6804
14.6771
14.6735
14.6695
14.6649
14.6599
14.6543
14.6482
14.6415
14.6342
14.6262
14.6176
14.6083
14.5983
14.5877
14.5763
14.5642
14.5513
14.5377
14.5233
14.508
14.4919
14.4751
14.4574
14.4388
14.4194
14.3992
14.3781
14.356
14.3331
14.3091
14.2841
14.258
14.2309
14.2027
14.1735
14.1433
14.1121
14.0799
14.0466
14.0123
13.977
13.9408
13.9034
13.8651
13.8257
13.7852
13.7438
13.7014
13.6581
13.6137
13.5684
13.5221
13.4749
13.4265
13.3772
13.3267
13.2753
13.2229
13.1695
13.1151
13.0598
13.0036
12.9464
12.8884
12.8294
12.7694
12.7086
12.6469
12.5844
12.5212
12.4574
12.3929
12.3277
12.262
12.1955
12.1286
12.0614
11.994
11.927
11.8607
11.7947
11.7289
11.6632
11.5979
11.5325
11.4671
11.4017
11.3365
11.2713
11.206
11.1408
11.0756
11.0104
10.9453
10.8802
10.8152
10.7501
10.685
10.62
10.5551
10.4905
10.4263
10.3624
10.299
10.2361
10.1737
10.1119
10.0506
9.98977
9.92937
9.86937
9.80989
9.75091
9.69229
9.63402
9.57622
9.51882
9.46209
9.40585
9.35034
9.29537
9.24117
9.18811
9.13597
9.085
9.03467
8.98438
8.93439
8.8847
8.83537
8.78602
8.73685
8.68795
8.6393
8.59092
8.54261
8.49467
8.44679
8.39922
8.35198
8.30515
8.25858
8.21207
8.16575
8.11946
8.07323
8.02699
7.98073
7.93455
7.88826
7.84213
7.79593
7.7498
7.70372
7.65748
7.61144
7.56568
7.52007
7.47468
7.42955
7.38466
7.33991
7.29552
7.25163
7.20812
7.16496
7.12213
7.07964
7.03743
6.99567
6.95436
6.9133
6.87278
6.8329
6.79383
6.75557
6.71811
6.68166
6.64629
6.61219
6.58058
6.55152
6.52459
6.49939
6.47663
6.45588
6.43667
6.41899
6.40275
6.38797
6.37467
6.36289
6.35268
6.34481
6.34016
6.33784
6.33805
6.34098
6.34625
6.35383
6.36375
6.37561
6.38956
6.40566
6.42359
6.44319
6.46458
6.48829
6.51398
6.54192
6.57214
6.60482
6.63872
6.67382
6.70938
6.74519
6.78097
6.81673
6.85232
6.88802
6.92367
6.95921
6.99477
7.03018
7.0653
7.10021
7.13468
7.16882
7.20255
7.23583
7.26859
7.30079
7.3324
7.36334
7.39354
7.42299
7.45166
7.47944
7.50639
7.53249
7.55784
7.58221
7.60566
7.62819
7.64993
7.67074
7.69063
7.70945
7.72747
7.74461
7.7608
7.77606
7.79034
7.80381
7.8164
7.82827
7.83935
7.84956
7.85883
7.86738
7.87497
7.88195
7.88827
7.89386
7.89885
7.90313
7.90692
7.90999
7.91247
7.91447
7.91611
7.91763
7.91921
7.92086
7.92249
7.92421
7.92599
7.92799
7.93016
7.93234
7.9347
7.9374
7.94042
7.94369
7.94708
7.95066
7.95445
7.95854
7.96278
7.96731
7.97246
7.97809
7.98401
7.98987
7.99548
8.00066
8.0056
8.01042
8.01496
8.01939
8.0236
8.02764
8.03174
8.03578
8.03956
8.0432
8.04666
8.05003
8.05333
8.05639
8.05911
8.06151
8.06357
8.06558
8.06744
8.0691
8.07045
8.07149
8.07244
8.07312
8.07357
8.07371
8.07378
8.0737
8.07331
8.07255
8.07166
8.07061
8.06945
8.06793
8.06628
8.06438
8.06218
8.05979
8.05717
8.05434
8.05127
8.04802
8.04447
8.04068
8.03662
8.03237
8.0279
8.02319
8.01823
8.01308
8.00775
8.00224
7.99651
7.99053
7.98429
7.97779
7.97107
7.96401
7.95653
7.94865
7.94033
7.93159
7.92242
7.91279
7.90275
7.89227
7.88141
7.8701
7.85838
7.84622
7.83364
7.82061
7.80714
7.79316
7.77871
7.76378
7.74831
7.73235
7.71586
7.69881
7.68118
7.66298
7.6442
7.62483
7.60487
7.58432
7.56316
7.54145
7.51915
7.49627
7.47277
7.44868
7.42402
7.39878
7.37301
7.34668
7.3198
7.29237
7.26438
7.23581
7.20671
7.17708
7.14696
7.11632
7.08517
7.0535
7.02136
6.98872
6.95565
6.92212
6.88817
6.85379
6.81896
6.78371
6.74809
6.71209
6.67571
6.63894
6.60191
6.56485
6.52828
6.49207
6.45609
6.42023
6.38448
6.34975
6.31773
6.28729
6.25802
6.22973
6.20213
6.17521
6.14893
6.12318
6.09804
6.07338
6.04934
6.0258
6.0028
5.98021
5.95809
5.93657
5.91539
5.8946
5.87416
5.85419
5.83458
5.81517
5.79618
5.77755
5.75923
5.74138
5.724
5.70686
5.69012
5.67376
5.65762
5.64173
5.62624
5.61083
5.59564
5.58072
5.56606
5.55154
5.53712
5.52311
5.50915
5.49537
5.48176
5.46853
5.45533
5.44209
5.42886
5.41571
5.40255
5.38916
5.37574
5.36229
5.34884
5.33543
5.32218
5.30878
5.29542
5.28203
5.26878
5.25555
5.24233
5.22914
5.21598
5.20285
5.18977
5.1768
5.16377
5.15083
5.13797
5.12536
5.11278
5.10037
5.08804
5.07573
5.06362
5.05158
5.03977
5.02798
5.01634
5.00473
4.99327
4.98191
4.97065
4.95949
4.94842
4.93745
4.9266
4.91585
4.90512
4.89492
4.88577
4.87804
4.87158
4.86639
4.86251
4.85989
4.8583
4.85748
4.85752
4.85824
4.85957
4.86142
4.86355
4.86609
4.86882
4.87169
4.8746
4.87765
4.88086
4.88396
4.88705
4.89002
4.89294
4.89584
4.89863
4.90123
4.90384
4.90642
4.90881
4.91127
4.91356
4.91591
4.9181
4.92015
4.92203
4.92389
4.92568
4.92718
4.92854
4.92977
4.93101
4.93209
4.933
4.93385
4.93465
4.93523
4.93567
4.9361
4.9364
4.9366
4.93669
4.93669
4.93661
4.93652
4.93631
4.93607
4.93568
4.93523
4.93481
4.93442
4.934
4.93361
4.93313
4.93283
4.93256
4.93232
4.93219
4.93215
4.93216
4.93223
4.9325
4.93283
4.93318
4.93369
4.93432
4.93484
4.93525
4.93556
4.93568
4.93573
4.93567
4.93545
4.935
4.93426
4.93326
4.93202
4.93054
4.92876
4.92666
4.92424
4.92146
4.91838
4.91505
4.91144
4.90742
4.90312
4.89853
4.89357
4.88832
4.88281
4.87701
4.87094
4.8645
4.85781
4.85091
4.84378
4.8364
4.82887
4.82117
4.81333
4.80523
4.79697
4.7885
4.77993
4.77136
4.76276
4.75399
4.74512
4.73614
4.72696
4.71762
4.7082
4.69871
4.689
4.67904
4.66913
4.65916
4.64898
4.63857
4.62812
4.61758
4.60683
4.5959
4.58491
4.57391
4.56294
4.55184
4.54066
4.52942
4.51812
4.50667
4.49516
4.48364
4.47204
4.4604
4.44872
4.43695
4.42522
4.41331
4.40136
4.38932
4.37722
4.36497
4.35265
4.34035
4.32804
4.31571
4.30339
4.29097
4.27859
4.26623
4.25399
4.24193
4.23057
4.22039
4.21076
4.2016
4.19271
4.18413
4.17588
4.16788
4.16031
4.15311
4.14619
4.13954
4.13314
4.1272
4.12172
4.11657
4.11149
4.10635
4.1011
4.09572
4.09015
4.08441
4.0785
4.07239
4.06607
4.05952
4.05273
4.04569
4.03848
4.0311
4.02353
4.01566
4.00755
3.99933
3.99093
3.98246
3.97369
3.96455
3.95502
3.94512
3.93482
3.92426
3.91375
3.90333
3.89293
3.88246
3.87196
3.86137
3.8507
3.84001
3.82923
3.81839
3.80746
3.79646
3.78536
3.77415
3.7628
3.7513
3.73966
3.72792
3.71605
3.70409
3.69204
3.6799
3.6676
3.65519
3.64273
3.63019
3.61758
3.60488
3.59209
3.57922
3.56637
3.55344
3.54044
3.52744
3.51443
3.50142
3.48842
3.4754
3.46238
3.44939
3.43641
3.42351
3.41067
3.39792
3.38522
3.3726
3.36002
3.34751
3.33503
3.32266
3.31032
3.29806
3.28591
3.27391
3.26203
3.2503
3.23863
3.22709
3.21574
3.20445
3.19337
3.18241
3.17155
3.16081
3.1502
3.13973
3.12945
3.11937
3.10946
3.09975
3.09024
3.08087
3.07172
3.06273
3.05393
3.04534
3.03701
3.02883
3.02082
3.01301
3.00535
2.99793
2.99082
2.98402
2.9776
2.97146
2.96556
2.95996
2.95461
2.94951
2.94472
2.94028
2.93624
2.93259
2.92934
2.92635
2.92375
2.92152
2.91956
2.91794
2.91668
2.91576
2.91516
2.91492
2.91522
2.91593
2.91716
2.91888
2.92084
2.92304
2.92541
2.92802
2.93082
2.93392
2.93729
2.94084
2.94456
2.94847
2.95259
2.95676
2.96111
2.9656
2.97023
2.97491
2.97971
2.98466
2.9897
2.99481
3
3.00533
3.01076
3.01636
3.0222
3.02829
3.03459
3.04113
3.04787
3.05477
3.06183
3.06903
3.07631
3.08363
3.09097
3.0984
3.1058
3.11318
3.12055
3.12791
3.13517
3.14238
3.14954
3.15663
3.16358
3.17047
3.17725
3.18393
3.19043
3.19681
3.20307
3.20921
3.21517
3.22098
3.22665
3.23217
3.2375
3.24264
3.24759
3.25236
3.25693
3.26125
3.26535
3.26926
3.27296
3.27641
3.27965
3.28266
3.28549
3.28805
3.29037
3.29246
3.29433
3.29598
3.29737
3.29852
3.29947
3.30022
3.30074
3.30102
3.30106
3.30091
3.30052
3.29986
3.29896
3.29783
3.29644
3.29482
3.29297
3.29092
3.2886
3.28605
3.28329
3.28036
3.27722
3.27388
3.27037
3.26667
3.26281
3.25882
3.25468
3.25041
3.24609
3.24172
3.23731
3.23286
3.22838
3.22391
3.21945
3.21488
3.21017
3.20533
3.2004
3.19536
3.19026
3.18508
3.17975
3.1744
3.16894
3.16343
3.1579
3.1523
3.14665
3.14097
3.13522
3.12942
3.12358
3.11765
3.11168
3.10565
3.09958
3.09343
3.08719
3.08087
3.0745
3.06804
3.06154
3.05498
3.04839
3.04181
3.03526
3.02867
3.02208
3.01551
3.00895
3.00237
2.9958
2.98927
2.98271
2.9762
2.96975
2.9634
2.95718
2.95108
2.94501
2.93892
2.93287
2.9268
2.92069
2.91453
2.90826
2.90194
2.8956
2.88922
2.88282
2.87638
2.86986
2.86328
2.85664
2.84992
2.84312
2.83626
2.82931
2.82232
2.81527
2.8082
2.80107
2.79387
2.78661
2.77925
2.77185
2.76439
2.75683
2.74917
2.74144
2.7337
2.72588
2.71797
2.71
2.70194
2.69382
2.68567
2.67743
2.66912
2.6608
2.65243
2.64404
2.63561
2.62708
2.61856
2.61002
2.60148
2.59293
2.58436
2.57576
2.56713
2.55851
2.54993
2.54131
2.53269
2.52416
2.51566
2.50735
2.4994
2.49176
2.48436
2.47709
2.47003
2.46317
2.45643
2.44992
2.44356
2.4374
2.43136
2.42544
2.41962
2.41398
2.40851
2.40321
2.39802
2.3929
2.3879
2.38296
2.37818
2.37346
2.36884
2.36431
2.35986
2.35557
2.35138
2.34725
2.34324
2.33935
2.33555
2.33188
2.3283
2.32474
2.32128
2.31795
2.31472
2.31159
2.30853
2.30556
2.30267
2.29996
2.29733
2.29485
2.29242
2.29014
2.28795
2.28587
2.28389
2.282
2.28023
2.27855
2.27693
2.27541
2.27398
2.27258
2.27128
2.27006
2.26895
2.26791
2.26694
2.26603
2.26518
2.26433
2.26351
2.26268
2.26189
2.26108
2.2603
2.25953
2.25875
2.25799
2.25724
2.25649
2.25576
2.25506
2.25436
2.25367
2.25299
2.25237
2.25173
2.25106
2.25038
2.24972
2.24903
2.24834
2.24762
2.24691
2.24616
2.24544
2.24467
2.24393
2.24314
2.24238
2.24155
2.24077
2.23999
2.23924
2.23847
2.23772
2.23695
2.23621
2.23548
2.23478
2.23405
2.23335
2.23265
2.232
2.23134
2.23075
2.23017
2.22962
2.22907
2.22856
2.22806
2.22759
2.22713
2.22672
2.22632
2.22593
2.22558
2.22521
2.22489
2.2246
2.22434
2.22407
2.22384
2.22361
2.22336
2.22312
2.22292
2.22275
2.22259
2.22243
2.22222
2.22198
2.22174
2.22144
2.22114
2.22083
2.22051
2.22012
2.21975
2.21935
2.21893
2.2185
2.218
2.2175
2.217
2.21646
2.21588
2.21529
2.21466
2.21397
2.21325
2.21251
2.21171
2.21085
2.20992
2.20897
2.20799
2.20696
2.20585
2.20471
2.2035
2.20223
2.20091
2.19952
2.1981
2.19663
2.19509
2.19348
2.19182
2.1901
2.18832
2.18646
2.18452
2.18254
2.18047
2.17833
2.17613
2.17387
2.17153
2.16913
2.16669
2.16416
2.16159
2.15899
2.15631
2.15359
2.15087
2.14812
2.14531
2.14245
2.13953
2.13652
2.13344
2.13026
2.12697
2.12363
2.12016
2.1166
2.11299
2.10928
2.1055
2.10167
2.09779
2.09382
2.0898
2.08571
2.08157
2.07737
2.07311
2.06879
2.06444
2.06003
2.05561
2.05115
2.04663
2.04213
2.03769
2.03324
2.02886
2.0245
2.02014
2.01583
2.01151
2.00722
2.00296
1.99873
1.99447
1.99021
1.98593
1.98166
1.97737
1.97307
1.96877
1.96446
1.96013
1.95578
1.95143
1.94711
1.94279
1.93844
1.93412
1.92981
1.92549
1.92119
1.91689
1.91264
1.90844
1.90423
1.90007
1.89596
1.89191
1.88796
1.88412
1.88036
1.87672
1.87317
1.86973
1.8664
1.86317
1.86005
1.85699
1.85394
1.85093
1.84795
1.84499
1.84208
1.83921
1.83635
1.83354
1.83074
1.82797
1.82523
1.82253
1.81989
1.81726
1.81469
1.81215
1.80962
1.80719
1.8048
1.80243
1.80013
1.79785
1.79564
1.79352
1.79146
1.78944
1.78748
1.78558
1.78377
1.78201
1.7803
1.77865
1.77706
1.77554
1.77409
1.77268
1.77135
1.77014
1.76904
1.76806
1.76717
1.76629
1.76541
1.76456
1.7637
1.76281
1.7619
1.7609
1.75984
1.75872
1.75755
1.75633
1.75505
1.7537
1.75229
1.75082
1.74929
1.74773
1.74613
1.74451
1.74295
1.74146
1.74002
1.7386
1.73716
1.73571
1.73426
1.73275
1.73122
1.72968
1.72813
1.72656
1.72494
1.72329
1.72162
1.71992
1.71817
1.71638
1.71455
1.71268
1.71078
1.70885
1.7069
1.70492
1.70287
1.70079
1.69872
1.69661
1.69446
1.69231
1.69012
1.68788
1.68559
1.68327
1.68091
1.6785
1.67606
1.6736
1.67109
1.66855
1.66597
1.66337
1.66069
1.65801
1.65529
1.65253
1.64975
1.64694
1.6441
1.64125
1.63836
1.63543
1.63247
1.6295
1.6265
1.6235
1.62047
1.61743
1.61438
1.61136
1.60834
1.60532
1.6023
1.59929
1.59628
1.59327
1.59026
1.58725
1.58425
1.58127
1.57832
1.57538
1.57247
1.56959
1.56675
1.56397
1.5612
1.55845
1.55573
1.55305
1.55038
1.54771
1.54509
1.54251
1.53994
1.53739
1.53488
1.5324
1.52997
1.52759
1.52523
1.52288
1.5206
1.51834
1.5161
1.51389
1.51171
1.50953
1.50739
1.50527
1.50317
1.50105
1.49895
1.49685
1.49477
1.49269
1.49061
1.48857
1.48649
1.48444
1.48239
1.48036
1.47829
1.47625
1.47421
1.47219
1.47016
1.46815
1.46616
1.46419
1.46221
1.46023
1.45826
1.45632
1.45436
1.45243
1.45051
1.44861
1.44672
1.44482
1.44294
1.44105
1.43917
1.43731
1.43547
1.43361
1.43177
1.42992
1.42807
1.42624
1.42439
1.42252
1.42064
1.41873
1.41679
1.41484
1.41286
1.41085
1.40878
1.40668
1.40454
1.40237
1.40016
1.39792
1.39565
1.39334
1.39099
1.3886
1.3862
1.38374
1.38125
1.37872
1.37616
1.37358
1.37096
1.36834
1.3657
1.36303
1.36036
1.3577
1.3551
1.35249
1.34985
1.34718
1.34449
1.3418
1.33909
1.33634
1.33357
1.33077
1.3279
1.32499
1.32205
1.31906
1.31603
1.31296
1.30985
1.30671
1.30355
1.30036
1.29712
1.29386
1.29057
1.28725
1.2839
1.28052
1.27712
1.27371
1.27027
1.26684
1.26339
1.25991
1.25644
1.25298
1.24953
1.24609
1.24267
1.23922
1.23577
1.23233
1.22889
1.22546
1.22204
1.21862
1.21522
1.21184
1.20849
1.2052
1.20197
1.19876
1.19562
1.19254
1.1895
1.18648
1.18352
1.18057
1.17765
1.17477
1.17191
1.16907
1.16625
1.16343
1.16062
1.15784
1.1551
1.15237
1.14968
1.14702
1.14436
1.14171
1.1391
1.1365
1.13394
1.1314
1.12888
1.12639
1.12394
1.12152
1.11913
1.11676
1.11439
1.11208
1.10984
1.10761
1.10541
1.10325
1.10113
1.09907
1.09707
1.09513
1.09324
1.09143
1.08969
1.08803
1.08648
1.08498
1.08354
1.08218
1.08087
1.07965
1.07849
1.07737
1.07632
1.07532
1.07437
1.07345
1.07259
1.07177
1.071
1.07028
1.06961
1.069
1.06843
1.06791
1.06745
1.06704
1.06669
1.06641
1.06619
1.06607
1.06606
1.06621
1.06643
1.06663
1.0668
1.06696
1.0671
1.06723
1.06735
1.06747
1.06759
1.06766
1.06767
1.06763
1.06751
1.06733
1.06708
1.06676
1.06636
1.0659
1.06535
1.06474
1.06406
1.06329
1.06245
1.06153
1.06055
1.05959
1.05868
1.05776
1.05684
1.0559
1.05494
1.05397
1.05297
1.05194
1.05087
1.04978
1.04865
1.04751
1.04633
1.04513
1.04392
1.04269
1.04143
1.04015
1.03886
1.03753
1.03618
1.03482
1.03346
1.03208
1.03069
1.0293
1.0279
1.02648
1.02506
1.02363
1.0222
1.02078
1.01934
1.0179
1.01647
1.01504
1.01361
1.01218
1.01077
1.00935
1.00794
1.00654
1.00515
1.00375
1.00237
1.00098
0.999603
0.998219
0.996842
0.995476
0.994111
0.992747
0.991384
0.990031
0.988684
0.987352
0.986029
0.984734
0.983463
0.982192
0.980956
0.979737
0.978544
0.977368
0.976217
0.975082
0.973963
0.97286
0.971779
0.970703
0.969649
0.96862
0.967606
0.966637
0.965703
0.964808
0.963949
0.963133
0.962365
0.961634
0.960955
0.960332
0.959768
0.959262
0.958797
0.958381
0.958004
0.957673
0.957378
0.957118
0.956901
0.956698
0.956525
0.956381
0.956257
0.956144
0.956053
0.955979
0.955931
0.955902
0.955881
0.955879
0.955886
0.955918
0.955965
0.956036
0.956118
0.956208
0.956298
0.956409
0.956518
0.956627
0.956741
0.956855
0.956966
0.957072
0.957176
0.957259
0.957307
0.957337
0.957342
0.957343
0.957335
0.957318
0.957267
0.95717
0.957019
0.956827
0.956607
0.956332
0.955997
0.955608
0.955166
0.954669
0.954127
0.953529
0.952867
0.952146
0.951367
0.950526
0.949629
0.948675
0.947671
0.946597
0.945457
0.944263
0.943011
0.941696
0.940331
0.938913
0.937437
0.935916
0.934333
0.932697
0.931007
0.929255
0.927449
0.925582
0.923671
0.9217
0.919679
0.917608
0.915471
0.913284
0.911048
0.908769
0.906445
0.904065
0.901627
0.899145
0.896612
0.894046
0.891454
0.888825
0.886172
0.88348
0.880744
0.877975
0.875175
0.87236
0.869543
0.86672
0.863896
0.861078
0.85825
0.855381
0.852469
0.849525
0.84655
0.84354
0.840474
0.837372
0.834224
0.831032
0.827817
0.824572
0.821284
0.817962
0.814597
0.811187
0.807753
0.804292
0.8008
0.797267
0.793697
0.790105
0.786485
0.78285
0.779187
0.775495
0.771779
0.768042
0.76429
0.760517
0.756731
0.752929
0.749115
0.745304
0.741488
0.737677
0.73388
0.730085
0.726302
0.722541
0.718807
0.715106
0.711437
0.707819
0.704274
0.700821
0.697484
0.694265
0.691139
0.688079
0.685099
0.682195
0.679354
0.67657
0.673858
0.671214
0.668627
0.666082
0.663576
0.66111
0.658682
0.656279
0.653901
0.65154
0.64921
0.646913
0.644637
0.642374
0.640152
0.637965
0.635788
0.633658
0.631591
0.629576
0.627607
0.625686
0.623811
0.621981
0.620188
0.618435
0.616726
0.615058
0.613417
0.611815
0.610252
0.608722
0.607231
0.605782
0.604364
0.602984
0.601653
0.600372
0.599145
0.597964
0.59683
0.595755
0.59474
0.593807
0.592959
0.592187
0.591524
0.5909
0.590271
0.589638
0.589002
0.588354
0.587718
0.587105
0.586503
0.585897
0.585263
0.584596
0.583894
0.583158
0.582387
0.581587
0.580771
0.579967
0.579158
0.578337
0.577499
0.576635
0.575747
0.574827
0.573875
0.572887
0.571862
0.570805
0.569713
0.568586
0.567426
0.566241
0.565149
0.564217
0.563374
0.562585
0.56184
0.56113
0.560442
0.559768
0.559105
0.558458
0.557821
0.557195
0.556583
0.555987
0.555407
0.554838
0.55428
0.553744
0.553233
0.552741
0.552283
0.551861
0.551482
0.551137
0.550823
0.550543
0.550304
0.550089
0.549918
0.54978
0.549671
0.549605
0.549577
0.549596
0.549657
0.549761
0.549917
0.550117
0.550363
0.550655
0.550995
0.551383
0.551818
0.552303
0.552835
0.553418
0.554046
0.554715
0.555424
0.556166
0.556939
0.557743
0.558575
0.559433
0.560318
0.561221
0.562146
0.563095
0.564072
0.565066
0.56608
0.567114
0.568166
0.569238
0.570337
0.571448
0.57258
0.573734
0.574905
0.576098
0.577312
0.578546
0.579803
0.581085
0.58239
0.583717
0.585068
0.586438
0.587828
0.589237
0.590642
0.592043
0.593431
0.594807
0.596176
0.597535
0.598881
0.600207
0.601527
0.602832
0.604113
0.605373
0.606614
0.607824
0.609012
0.610167
0.6113
0.612402
0.613477
0.614529
0.615546
0.616536
0.617501
0.618437
0.61935
0.620234
0.621095
0.621934
0.622757
0.623552
0.624327
0.625069
0.625781
0.62646
0.627115
0.627736
0.628329
0.628894
0.629426
0.629919
0.630377
0.630795
0.631174
0.631511
0.631809
0.63206
0.632271
0.632442
0.63257
0.632659
0.632708
0.632719
0.632689
0.632623
0.632517
0.632362
0.632154
0.631894
0.631584
0.631226
0.630819
0.630365
0.629861
0.62931
0.62871
0.62806
0.627363
0.626616
0.625821
0.624976
0.624085
0.623146
0.622162
0.621142
0.620083
0.618988
0.617862
0.616705
0.615533
0.614361
0.613194
0.612023
0.61082
0.60957
0.608276
0.606939
0.605559
0.604129
0.602656
0.601138
0.599579
0.597972
0.596319
0.594626
0.592891
0.591112
0.589292
0.587429
0.585523
0.583575
0.581582
0.579545
0.577469
0.575352
0.573196
0.570999
0.568766
0.566494
0.56418
0.561824
0.559429
0.556995
0.554521
0.552006
0.549455
0.546867
0.544244
0.541582
0.538884
0.536148
0.533379
0.530576
0.527735
0.524856
0.521942
0.518991
0.516008
0.512987
0.509936
0.506854
0.503737
0.500589
0.497418
0.49422
0.491001
0.487798
0.4846
0.481404
0.47821
0.475017
0.47182
0.468627
0.46544
0.462265
0.459102
0.455962
0.452855
0.44979
0.446782
0.443841
0.441014
0.438328
0.43576
0.433263
0.430836
0.428456
0.426112
0.423816
0.421563
0.419336
0.417122
0.414916
0.412715
0.410518
0.408323
0.40613
0.403938
0.401744
0.399547
0.397348
0.395144
0.392935
0.390725
0.388512
0.3863
0.384092
0.381889
0.379694
0.377531
0.375442
0.373404
0.371397
0.369411
0.367446
0.365497
0.363573
0.361677
0.359805
0.35795
0.356105
0.354269
0.352439
0.350619
0.348824
0.347051
0.345301
0.343582
0.341884
0.340208
0.338558
0.33692
0.335296
0.333686
0.332094
0.330518
0.328962
0.327421
0.325884
0.324336
0.322775
0.321201
0.319615
0.318023
0.316418
0.314809
0.313198
0.311601
0.310015
0.308434
0.306863
0.305287
0.303717
0.302189
0.300785
0.299485
0.298268
0.29714
0.296088
0.295102
0.294195
0.293353
0.292572
0.291853
0.29119
0.290584
0.290034
0.289539
0.2891
0.288723
0.288414
0.288177
0.288019
0.28794
0.287944
0.288029
0.288191
0.288429
0.288734
0.289108
0.289552
0.290054
0.290611
0.291226
0.291901
0.29263
0.293411
0.294247
0.295137
0.296077
0.297072
0.298123
0.299215
0.30035
0.301517
0.302705
0.303913
0.305143
0.306392
0.30766
0.308945
0.310245
0.311564
0.312898
0.314246
0.315606
0.316973
0.318351
0.319737
0.321141
0.322549
0.323968
0.325388
0.326811
0.328236
0.329666
0.331101
0.332536
0.333974
0.335416
0.33686
0.3383
0.339736
0.34117
0.342604
0.344032
0.345456
0.346879
0.348297
0.349708
0.351113
0.352506
0.353894
0.355269
0.356628
0.357978
0.359321
0.360655
0.361975
0.363279
0.36457
0.365849
0.367107
0.368347
0.369575
0.370785
0.371979
0.373162
0.374323
0.375465
0.376594
0.377707
0.378802
0.379872
0.380921
0.381948
0.382957
0.383941
0.384903
0.38584
0.386754
0.387644
0.388508
0.38935
0.390165
0.390953
0.391717
0.392461
0.393184
0.393887
0.394567
0.395221
0.395855
0.396467
0.397057
0.397626
0.398178
0.39871
0.399229
0.399729
0.40021
0.400669
0.401107
0.401525
0.40192
0.402292
0.402643
0.402967
0.403271
0.403551
0.403803
0.404024
0.40421
0.404363
0.404476
0.404556
0.404601
0.404615
0.404592
0.404532
0.404439
0.404313
0.404151
0.403952
0.403719
0.403451
0.403153
0.402821
0.402453
0.402052
0.40162
0.401153
0.400651
0.400118
0.399564
0.398991
0.398408
0.397827
0.397254
0.396674
0.396079
0.395467
0.394835
0.394174
0.393482
0.392758
0.392005
0.391221
0.390409
0.389568
0.388695
0.387791
0.386856
0.385892
0.384901
0.383881
0.382833
0.381754
0.380647
0.37951
0.378345
0.377152
0.37593
0.374682
0.373405
0.372102
0.370772
0.369413
0.368028
0.366617
0.365179
0.363715
0.362223
0.360708
0.359168
0.357603
0.356012
0.354396
0.352756
0.351093
0.349406
0.347693
0.345955
0.344192
0.342408
0.340602
0.338776
0.336925
0.335052
0.333159
0.331244
0.329308
0.327352
0.325377
0.323385
0.321373
0.319342
0.317293
0.315225
0.313143
0.311046
0.308935
0.306816
0.304725
0.302671
0.300658
0.298706
0.296855
0.295164
0.293577
0.292052
0.29058
0.289127
0.287682
0.286242
0.2848
0.283353
0.2819
0.280441
0.278973
0.277496
0.276011
0.274519
0.27302
0.271518
0.270015
0.268514
0.267009
0.265501
0.263987
0.262467
0.260945
0.259441
0.25796
0.256491
0.255026
0.253565
0.252106
0.250646
0.249186
0.247722
0.246253
0.244779
0.243301
0.241821
0.240344
0.23887
0.237399
0.235927
0.234459
0.232993
0.231528
0.230064
0.228607
0.227153
0.225707
0.224261
0.222812
0.221361
0.219906
0.218445
0.216978
0.215506
0.214025
0.212537
0.211042
0.209543
0.20804
0.206538
0.20505
0.20358
0.202121
0.200681
0.199252
0.197831
0.196419
0.195037
0.193765
0.192577
0.191452
0.190389
0.189385
0.188432
0.187532
0.186686
0.185887
0.185135
0.184429
0.183772
0.183161
0.182593
0.182072
0.181595
0.181159
0.180771
0.180427
0.180121
0.179855
0.17963
0.179445
0.1793
0.179194
0.179126
0.179097
0.179103
0.179149
0.179229
0.179345
0.179496
0.179685
0.179904
0.180158
0.180445
0.180763
0.181114
0.181497
0.18191
0.182355
0.18283
0.183336
0.183873
0.184441
0.185034
0.185657
0.186301
0.186964
0.187643
0.18834
0.189055
0.189787
0.190528
0.191286
0.19206
0.192842
0.193636
0.194437
0.195247
0.196067
0.196891
0.19772
0.198552
0.199389
0.200235
0.20108
0.201927
0.202776
0.203626
0.204474
0.205318
0.206162
0.207007
0.207846
0.208684
0.209519
0.210349
0.211171
0.211984
0.212792
0.213596
0.214393
0.215185
0.215968
0.216744
0.217516
0.218278
0.219031
0.219775
0.220512
0.221237
0.221952
0.222656
0.223353
0.224044
0.22472
0.225383
0.226031
0.226671
0.227301
0.227919
0.228523
0.229116
0.2297
0.230276
0.230842
0.231395
0.231938
0.232468
0.232986
0.233499
0.234001
0.23449
0.234966
0.23543
0.235882
0.236319
0.236745
0.23716
0.237556
0.237938
0.238305
0.238657
0.23899
0.239306
0.239605
0.239887
0.240151
0.240399
0.240629
0.240841
0.241037
0.241216
0.241379
0.241528
0.241657
0.24177
0.241867
0.241946
0.242005
0.242046
0.24207
0.242078
0.242067
0.24204
0.241995
0.241931
0.24185
0.24175
0.241633
0.241499
0.241349
0.241178
0.24099
0.240786
0.240564
0.240326
0.24007
0.239798
0.239509
0.239204
0.23888
0.238543
0.238189
0.237818
0.237431
0.237026
0.236608
0.236179
0.235747
0.235316
0.234884
0.234457
0.234027
0.23359
0.233144
0.23269
0.232228
0.231755
0.231272
0.230778
0.230276
0.229762
0.229237
0.228699
0.228147
0.227582
0.227003
0.226412
0.22581
0.225193
0.224566
0.223926
0.223275
0.222613
0.22194
0.221257
0.220562
0.219858
0.219144
0.218422
0.217693
0.216958
0.216216
0.215469
0.214718
0.213965
0.213212
0.212466
0.21173
0.211016
0.210332
0.209708
0.209183
0.208686
0.208185
0.207677
0.207162
0.20664
0.206115
0.205585
0.20505
0.204508
0.203958
0.2034
0.202834
0.202259
0.201677
0.201086
0.200488
0.19988
0.199263
0.19864
0.198006
0.197363
0.196712
0.196051
0.195381
0.194701
0.194013
0.193317
0.192612
0.191898
0.191174
0.190442
0.189701
0.188953
0.188195
0.187429
0.186653
0.185868
0.185076
0.184277
0.183475
0.182671
0.181867
0.181062
0.180256
0.179449
0.178641
0.177829
0.177014
0.176198
0.175375
0.174547
0.173712
0.172869
0.172017
0.171155
0.170282
0.169399
0.168507
0.167605
0.166693
0.16577
0.164836
0.163893
0.162941
0.161979
0.161009
0.160028
0.159039
0.158043
0.157039
0.15603
0.155013
0.153992
0.152969
0.151951
0.150942
0.149943
0.148951
0.147962
0.146979
0.145998
0.14502
0.144044
0.143071
0.142104
0.141182
0.14033
0.139522
0.138752
0.138015
0.137308
0.136631
0.135981
0.13536
0.134766
0.134197
0.133656
0.133138
0.132641
0.132166
0.131715
0.131284
0.130875
0.130487
0.130117
0.129767
0.129434
0.129121
0.128828
0.128552
0.128294
0.128054
0.127829
0.127621
0.12743
0.127258
0.127102
0.126965
0.126843
0.126737
0.126647
0.126574
0.126516
0.126476
0.126453
0.126449
0.126459
0.126484
0.126526
0.126582
0.126655
0.126744
0.126848
0.126969
0.127105
0.127254
0.127419
0.127603
0.127801
0.128019
0.128252
0.128508
0.128785
0.129078
0.129388
0.129707
0.130037
0.130379
0.130728
0.131086
0.131454
0.13183
0.132216
0.132608
0.13301
0.133421
0.13384
0.13427
0.134711
0.135156
0.135609
0.136069
0.136531
0.136994
0.137457
0.13792
0.138383
0.138844
0.139304
0.139761
0.140215
0.140666
0.141112
0.141551
0.141986
0.142418
0.142846
0.143268
0.143686
0.144099
0.144506
0.144907
0.1453
0.145685
0.146065
0.146439
0.146805
0.147162
0.147513
0.147856
0.148194
0.148526
0.14885
0.149163
0.149469
0.149767
0.150058
0.150343
0.15062
0.150888
0.151148
0.151398
0.15164
0.151876
0.152102
0.152317
0.152519
0.152715
0.152903
0.15308
0.15325
0.15341
0.153561
0.153703
0.153836
0.15396
0.154075
0.154182
0.154278
0.154365
0.154439
0.154503
0.154559
0.154605
0.154643
0.154672
0.154693
0.154705
0.154707
0.154698
0.154681
0.154654
0.154617
0.154572
0.154516
0.154451
0.154376
0.154292
0.154201
0.1541
0.153989
0.15387
0.153743
0.153607
0.153463
0.15331
0.153149
0.152979
0.1528
0.152613
0.152416
0.152213
0.152002
0.151784
0.151557
0.151325
0.151086
0.15084
0.150587
0.150328
0.150062
0.149791
0.149515
0.149236
0.148956
0.148679
0.148404
0.148131
0.147861
0.147596
0.147336
0.147079
0.146824
0.146572
0.146325
0.146083
0.145848
0.14562
0.145399
0.145187
0.144984
0.14479
0.144607
0.144432
0.144262
0.144094
0.143927
0.143759
0.143589
0.143417
0.14324
0.143059
0.142874
0.142685
0.142491
0.142292
0.142088
0.141879
0.141666
0.14145
0.141231
0.14101
0.140786
0.140557
0.140325
0.140091
0.139852
0.139609
0.139363
0.139111
0.138854
0.138593
0.138325
0.138053
0.137776
0.137494
0.137205
0.136912
0.136615
0.136313
0.136005
0.135693
0.135379
0.135063
0.134748
0.134437
0.134129
0.133822
0.13351
0.133192
0.132869
0.132536
0.132192
0.13184
0.131478
0.131106
0.130725
0.130335
0.129936
0.129528
0.129111
0.128686
0.128252
0.127809
0.127357
0.126895
0.126424
0.125944
0.125455
0.124957
0.124449
0.123933
0.123408
0.122874
0.122331
0.121782
0.121223
0.120657
0.120082
0.119499
0.118909
0.118313
0.11771
0.117098
0.116479
0.115856
0.115228
0.114601
0.113975
0.113351
0.112727
0.112104
0.11148
0.110857
0.110233
0.109611
0.108989
0.108368
0.107748
0.10713
0.106513
0.105898
0.105284
0.104676
0.104091
0.103548
0.103032
0.102538
0.102061
0.1016
0.101154
0.100722
0.100304
0.0998984
0.0995047
0.0991244
0.0987574
0.0984013
0.098057
0.0977223
0.0973986
0.0970849
0.0967817
0.0964873
0.0962039
0.0959297
0.0956664
0.0954115
0.0951649
0.0949267
0.094696
0.0944737
0.0942607
0.0940565
0.0938614
0.093673
0.0934953
0.093324
0.0931605
0.0930036
0.0928553
0.0927167
0.092585
0.0924622
0.092346
0.0922388
0.0921408
0.0920503
0.0919684
0.0918937
0.0918277
0.0917692
0.0917196
0.0916781
0.0916442
0.0916178
0.0915992
0.0915881
0.0915854
0.0915898
0.0916023
0.0916237
0.0916534
0.0916896
0.0917344
0.0917882
0.0918518
0.0919261
0.0920085
0.0921009
0.0922023
0.0923128
0.0924354
0.0925665
0.0927054
0.0928511
0.0930009
0.093157
0.0933191
0.093487
0.0936594
0.0938362
0.0940192
0.0942058
0.0943958
0.0945883
0.0947805
0.0949741
0.0951682
0.0953626
0.0955562
0.0957493
0.0959409
0.0961323
0.0963239
0.0965138
0.0967052
0.0968939
0.0970821
0.0972691
0.0974565
0.0976419
0.097824
0.0980076
0.0981875
0.0983643
0.0985398
0.0987108
0.0988785
0.0990442
0.0992065
0.0993654
0.0995199
0.0996722
0.099822
0.0999686
0.10011
0.100249
0.100382
0.100512
0.100641
0.100764
0.100882
0.100997
0.101108
0.101214
0.101317
0.101414
0.101505
0.101592
0.101673
0.101749
0.101821
0.101889
0.101953
0.102012
0.102066
0.102117
0.102162
0.102203
0.102238
0.10227
0.102296
0.102316
0.102332
0.102343
0.102349
0.102349
0.102344
0.102336
0.102323
0.102305
0.102284
0.102257
0.102226
0.10219
0.102149
0.102102
0.102051
0.101994
0.101931
0.101864
0.101792
0.101717
0.101634
0.101547
0.101457
0.101361
0.101261
0.101156
0.101046
0.100931
0.100812
0.100689
0.100562
0.10043
0.100295
0.100154
0.100011
0.0998634
0.0997119
0.0995566
0.0993991
0.0992388
0.0990765
0.0989121
0.0987478
0.0985846
0.0984215
0.0982625
0.0981055
0.0979501
0.0977969
0.0976455
0.0974959
0.0973494
0.0972051
0.0970627
0.0969226
0.0967829
0.0966443
0.0965058
0.0963674
0.0962303
0.096094
0.0959596
0.095825
0.0956907
0.095556
0.0954206
0.0952835
0.0951458
0.0950074
0.0948669
0.0947251
0.0945816
0.0944362
0.0942893
0.0941404
0.0939884
0.0938344
0.0936788
0.0935206
0.0933602
0.0931981
0.0930338
0.0928668
0.0926975
0.0925262
0.0923533
0.0921794
0.0920042
0.0918288
0.0916528
0.0914782
0.0913058
0.0911357
0.0909676
0.0908009
0.0906367
0.0904759
0.0903216
0.0901764
0.0900348
0.0898918
0.0897487
0.089606
0.0894603
0.0893092
0.0891527
0.0889906
0.0888218
0.088647
0.0884666
0.0882803
0.0880876
0.0878886
0.0876833
0.0874719
0.0872546
0.0870313
0.0868024
0.0865675
0.0863267
0.0860803
0.085828
0.0855699
0.0853054
0.0850349
0.0847584
0.0844767
0.084189
0.083895
0.083595
0.0832899
0.0829797
0.0826656
0.0823491
0.0820307
0.0817107
0.0813882
0.0810629
0.0807347
0.0804039
0.0800708
0.0797356
0.0793977
0.0790574
0.0787139
0.0783685
0.0780204
0.0776706
0.0773184
0.0769647
0.0766092
0.0762512
0.0758913
0.0755292
0.0751667
0.0748062
0.074463
0.0741394
0.0738295
0.0735302
0.0732387
0.0729551
0.072679
0.0724114
0.0721521
0.0718999
0.0716554
0.0714188
0.0711889
0.0709659
0.0707491
0.0705393
0.0703348
0.0701354
0.0699402
0.0697508
0.0695662
0.0693867
0.0692114
0.0690419
0.0688771
0.0687178
0.068562
0.0684106
0.0682627
0.0681195
0.0679811
0.0678467
0.0677176
0.0675919
0.0674714
0.067355
0.0672415
0.0671335
0.067028
0.0669268
0.0668286
0.0667345
0.0666454
0.0665609
0.0664806
0.0664043
0.0663317
0.0662635
0.0661983
0.0661376
0.0660812
0.066028
0.0659791
0.0659351
0.0658938
0.0658561
0.0658241
0.0657962
0.0657723
0.0657525
0.0657359
0.0657236
0.0657155
0.0657108
0.0657105
0.0657138
0.0657207
0.065732
0.0657479
0.0657678
0.0657923
0.0658226
0.0658572
0.0658982
0.0659438
0.0659921
0.0660458
0.0661043
0.0661667
0.066234
0.0663053
0.0663798
0.0664576
0.0665391
0.066623
0.066709
0.0667985
0.0668904
0.0669832
0.0670777
0.0671737
0.0672701
0.0673687
0.0674674
0.0675662
0.0676658
0.0677654
0.0678649
0.0679625
0.0680591
0.0681542
0.0682484
0.0683414
0.0684325
0.0685218
0.0686083
0.0686946
0.068778
0.06886
0.0689392
0.0690175
0.0690926
0.0691655
0.069236
0.069304
0.0693695
0.0694333
0.0694953
0.0695548
0.0696107
0.0696643
0.0697154
0.0697647
0.0698103
0.0698536
0.0698948
0.0699331
0.0699692
0.070003
0.0700344
0.0700634
0.0700896
0.0701132
0.0701347
0.0701528
0.0701685
0.0701817
0.0701922
0.0701992
0.0702033
0.0702048
0.0702035
0.0701992
0.0701924
0.0701825
0.0701695
0.0701534
0.070134
0.070112
0.0700868
0.0700588
0.0700268
0.0699922
0.069953
0.0699107
0.069865
0.0698155
0.0697626
0.0697067
0.0696471
0.0695842
0.0695178
0.0694483
0.0693752
0.0692988
0.069219
0.0691356
0.0690486
0.0689584
0.0688639
0.068766
0.0686651
0.0685612
0.0684546
0.0683443
0.0682307
0.0681139
0.0679945
0.0678716
0.067745
0.0676153
0.0674828
0.0673474
0.06721
0.0670715
0.0669309
0.0667892
0.0666465
0.0665027
0.0663585
0.0662137
0.066068
0.0659216
0.0657745
0.0656268
0.0654794
0.0653323
0.0651848
0.0650378
0.0648905
0.0647433
0.0645965
0.06445
0.0643041
0.0641595
0.0640156
0.0638714
0.0637279
0.0635846
0.0634405
0.0632957
0.0631506
0.0630052
0.0628596
0.0627133
0.0625658
0.0624169
0.0622665
0.0621154
0.0619641
0.0618126
0.06166
0.0615059
0.0613507
0.061194
0.0610354
0.0608752
0.0607134
0.0605496
0.0603841
0.0602165
0.0600466
0.0598746
0.0597009
0.0595251
0.0593465
0.0591653
0.0589825
0.0587973
0.0586101
0.0584206
0.0582284
0.0580338
0.0578364
0.0576369
0.0574355
0.0572322
0.0570268
0.05682
0.0566113
0.0564017
0.0561924
0.0559843
0.0557787
0.0555898
0.0554246
0.0552697
0.0551215
0.0549767
0.0548331
0.0546909
0.0545496
0.0544093
0.0542707
0.0541334
0.0539969
0.0538616
0.0537279
0.0535951
0.0534628
0.0533296
0.0531957
0.05306
0.0529225
0.0527832
0.0526411
0.0524972
0.0523511
0.0522026
0.0520518
0.0518983
0.0517428
0.0515849
0.0514254
0.0512637
0.0510998
0.0509338
0.0507654
0.0505954
0.0504233
0.0502493
0.0500732
0.0498951
0.0497156
0.0495372
0.0493682
0.0492076
0.0490529
0.0489031
0.0487573
0.0486147
0.0484755
0.0483396
0.0482063
0.0480764
0.0479498
0.0478256
0.0477037
0.0475848
0.0474686
0.0473556
0.0472456
0.0471387
0.0470342
0.0469323
0.0468325
0.0467356
0.0466422
0.0465522
0.0464648
0.0463804
0.0463
0.0462229
0.0461484
0.0460765
0.0460076
0.0459411
0.0458774
0.0458159
0.045757
0.045701
0.0456472
0.0455951
0.0455454
0.0454981
0.0454533
0.0454099
0.045369
0.0453302
0.0452934
0.045259
0.045228
0.0451992
0.0451728
0.0451488
0.0451266
0.0451067
0.0450883
0.0450723
0.0450583
0.0450464
0.0450369
0.0450297
0.045024
0.0450202
0.0450188
0.0450189
0.0450208
0.0450249
0.04503
0.0450372
0.0450467
0.0450575
0.0450703
0.0450856
0.0451017
0.0451193
0.0451391
0.0451599
0.0451822
0.045206
0.0452312
0.0452587
0.0452883
0.0453201
0.0453541
0.0453905
0.0454288
0.045469
0.0455111
0.0455556
0.045602
0.0456504
0.0457013
0.0457534
0.045807
0.0458616
0.0459169
0.0459733
0.0460315
0.0460904
0.0461496
0.0462103
0.0462711
0.046332
0.0463932
0.046455
0.0465178
0.0465805
0.0466438
0.0467072
0.0467714
0.046835
0.0468985
0.0469613
0.0470236
0.0470856
0.0471465
0.0472059
0.0472643
0.0473221
0.0473781
0.0474329
0.0474862
0.0475387
0.0475898
0.0476398
0.047688
0.0477345
0.0477784
0.0478206
0.0478609
0.0478998
0.0479368
0.0479715
0.0480045
0.0480354
0.0480644
0.0480916
0.0481167
0.0481393
0.0481599
0.0481791
0.0481962
0.0482107
0.0482232
0.0482335
0.0482417
0.0482472
0.0482502
0.0482513
0.0482503
0.0482466
0.0482407
0.0482325
0.048222
0.0482089
0.0481936
0.0481764
0.0481568
0.0481343
0.0481091
0.0480821
0.0480518
0.0480191
0.0479846
0.047948
0.0479089
0.0478666
0.0478218
0.0477751
0.0477255
0.0476734
0.0476191
0.0475627
0.0475032
0.0474407
0.0473757
0.047308
0.0472373
0.0471636
0.0470881
0.0470104
0.0469306
0.0468476
0.046762
0.0466737
0.0465836
0.0464906
0.0463955
0.0462985
0.0461997
0.0460995
0.0459973
0.0458944
0.0457898
0.0456842
0.0455763
0.0454667
0.0453559
0.0452438
0.0451302
0.0450154
0.0448993
0.0447818
0.0446627
0.0445424
0.0444208
0.0442975
0.0441726
0.0440458
0.0439177
0.0437881
0.0436568
0.0435239
0.0433895
0.0432539
0.0431168
0.0429781
0.0428379
0.0426965
0.0425537
0.0424097
0.042265
0.0421195
0.041973
0.041826
0.0416782
0.0415305
0.0413831
0.0412359
0.0410887
0.0409423
0.0407969
0.0406523
0.0405081
0.040364
0.0402199
0.0400754
0.0399308
0.0397864
0.0396422
0.0394978
0.0393531
0.0392079
0.0390619
0.0389159
0.0387702
0.0386246
0.0384787
0.0383325
0.0381854
0.0380374
0.0378886
0.0377391
0.0375887
0.0374371
0.0372849
0.0371317
0.036977
0.0368213
0.0366646
0.0365068
0.0363478
0.0361876
0.0360262
0.0358635
0.0356996
0.0355348
0.0353689
0.0352021
0.0350338
0.0348642
0.0346936
0.0345219
0.0343495
0.0341769
0.0340053
0.0338343
0.0336641
0.0334948
0.0333268
0.0331605
0.0329961
0.032835
0.0326791
0.0325279
0.0323801
0.0322351
0.0320921
0.0319523
0.0318156
0.0316812
0.03155
0.0314222
0.0312979
0.0311766
0.0310591
0.0309449
0.030834
0.0307266
0.0306226
0.0305238
0.0304305
0.0303419
0.0302575
0.0301776
0.030101
0.030028
0.0299578
0.0298902
0.0298258
0.029764
0.0297046
0.0296468
0.0295904
0.0295355
0.0294819
0.0294296
0.0293791
0.0293298
0.029282
0.0292356
0.0291907
0.029147
0.0291051
0.0290642
0.0290252
0.0289873
0.0289511
0.0289166
0.0288835
0.0288523
0.0288225
0.0287953
0.0287697
0.0287457
0.0287239
0.0287036
0.0286858
0.0286693
0.0286544
0.0286412
0.0286293
0.0286194
0.0286109
0.0286035
0.0285988
0.0285955
0.0285938
0.0285941
0.028596
0.0286003
0.028606
0.0286129
0.0286217
0.0286323
0.0286449
0.0286596
0.0286757
0.0286932
0.0287128
0.0287338
0.028756
0.0287802
0.0288052
0.0288311
0.0288589
0.0288877
0.0289175
0.0289485
0.0289805
0.0290136
0.0290482
0.0290837
0.0291199
0.0291574
0.0291956
0.0292356
0.0292761
0.0293174
0.0293601
0.0294038
0.0294487
0.0294952
0.029543
0.0295923
0.0296426
0.0296941
0.0297473
0.0298015
0.029857
0.029913
0.0299702
0.030028
0.030086
0.0301447
0.0302036
0.0302632
0.030323
0.0303831
0.0304436
0.0305041
0.0305654
0.0306263
0.0306872
0.0307472
0.0308066
0.030865
0.030923
0.0309803
0.0310367
0.0310925
0.0311476
0.0312017
0.0312552
0.0313076
0.0313592
0.0314098
0.0314592
0.0315078
0.0315558
0.0316027
0.0316493
0.0316948
0.0317394
0.0317829
0.0318252
0.0318666
0.031907
0.0319463
0.0319844
0.0320215
0.0320576
0.0320928
0.0321267
0.0321596
0.0321914
0.0322225
0.0322525
0.0322816
0.0323098
0.0323369
0.0323625
0.0323868
0.0324095
0.0324312
0.0324519
0.0324713
0.0324895
0.0325061
0.0325215
0.0325354
0.0325478
0.0325588
0.0325674
0.0325741
0.0325789
0.0325819
0.0325828
0.032582
0.0325796
0.0325754
0.0325691
0.032561
0.0325511
0.0325394
0.0325257
0.0325105
0.0324934
0.0324742
0.0324528
0.0324295
0.0324045
0.0323772
0.0323481
0.0323174
0.0322848
0.0322504
0.0322138
0.0321754
0.0321353
0.0320933
0.0320491
0.032003
0.0319548
0.0319045
0.0318524
0.0317983
0.0317424
0.0316848
0.0316255
0.0315645
0.0315028
0.0314396
0.0313751
0.0313097
0.031243
0.0311754
0.0311063
0.0310361
0.0309645
0.0308919
0.0308181
0.0307434
0.0306673
0.0305896
0.0305108
0.0304306
0.0303489
0.0302658
0.0301813
0.0300957
0.0300086
0.0299198
0.0298299
0.0297384
0.0296451
0.0295501
0.0294535
0.0293556
0.029256
0.0291547
0.029052
0.0289476
0.0288419
0.0287346
0.028626
0.0285159
0.0284044
0.0282915
0.0281777
0.0280624
0.0279457
0.0278279
0.0277092
0.0275894
0.0274685
0.0273466
0.027224
0.0271006
0.0269766
0.0268523
0.0267276
0.0266028
0.026478
0.0263536
0.0262294
0.0261057
0.025983
0.0258614
0.0257408
0.0256211
0.0255021
0.0253835
0.0252654
0.0251481
0.0250313
0.0249145
0.0247979
0.0246817
0.0245661
0.0244509
0.0243361
0.0242213
0.0241064
0.0239913
0.023876
0.0237604
0.0236444
0.0235278
0.0234109
0.0232935
0.0231757
0.0230574
0.0229387
0.0228195
0.0226996
0.0225789
0.0224578
0.0223361
0.022214
0.0220915
0.0219688
0.0218463
0.0217241
0.0216021
0.0214802
0.0213586
0.0212371
0.0211163
0.0209959
0.0208763
0.0207582
0.0206418
0.0205263
0.0204117
0.0202978
0.0201848
0.0200722
0.0199605
0.0198497
0.0197394
0.0196296
0.019522
0.0194162
0.0193128
0.0192143
0.0191211
0.0190327
0.0189488
0.018869
0.0187937
0.018723
0.0186573
0.0185958
0.0185389
0.0184864
0.018438
0.0183938
0.0183523
0.0183126
0.0182745
0.0182384
0.018204
0.0181716
0.0181412
0.018113
0.0180865
0.0180621
0.0180398
0.0180183
0.0179978
0.0179785
0.0179605
0.0179434
0.0179277
0.017913
0.0178996
0.0178874
0.017876
0.0178656
0.0178563
0.0178475
0.01784
0.0178334
0.0178276
0.0178229
0.0178197
0.0178174
0.0178164
0.017816
0.0178173
0.0178199
0.0178233
0.017828
0.017834
0.0178412
0.0178499
0.0178599
0.0178713
0.0178843
0.0178986
0.0179143
0.0179314
0.0179498
0.0179695
0.0179908
0.0180132
0.018037
0.0180621
0.0180885
0.018116
0.0181448
0.0181746
0.0182056
0.0182375
0.0182704
0.0183042
0.018339
0.0183751
0.0184119
0.0184501
0.0184895
0.0185306
0.0185732
0.0186167
0.0186607
0.0187061
0.018752
0.0187988
0.0188467
0.0188955
0.0189453
0.0189959
0.0190471
0.0190985
0.0191507
0.0192034
0.0192557
0.0193081
0.0193601
0.0194118
0.0194632
0.0195143
0.0195654
0.019616
0.0196663
0.0197164
0.0197661
0.0198152
0.0198638
0.0199122
0.0199598
0.0200069
0.0200534
0.0200994
0.0201446
0.0201894
0.0202336
0.0202771
0.0203201
0.0203627
0.0204046
0.0204458
0.0204861
0.0205262
0.0205655
0.020604
0.0206418
0.0206787
0.020715
0.0207507
0.0207856
0.0208196
0.0208529
0.0208857
0.0209177
0.0209488
0.0209795
0.0210092
0.0210382
0.0210662
0.0210932
0.0211196
0.021145
0.0211698
0.0211938
0.0212169
0.0212392
0.0212608
0.0212816
0.0213016
0.0213206
0.0213386
0.0213557
0.0213716
0.0213867
0.0214009
0.021414
0.0214261
0.0214373
0.0214475
0.0214566
0.0214644
0.0214713
0.0214772
0.0214819
0.0214852
0.0214872
0.0214878
0.0214867
0.0214846
0.0214812
0.0214763
0.0214701
0.0214625
0.0214534
0.0214432
0.0214316
0.0214187
0.0214043
0.0213886
0.0213715
0.0213529
0.0213327
0.0213113
0.0212885
0.0212645
0.0212392
0.0212124
0.0211842
0.0211547
0.0211238
0.0210915
0.0210581
0.0210233
0.020987
0.0209495
0.0209112
0.020872
0.0208316
0.0207904
0.0207484
0.0207059
0.0206626
0.0206184
0.0205735
0.0205275
0.0204809
0.0204339
0.0203861
0.0203374
0.0202879
0.0202373
0.0201858
0.0201333
0.0200797
0.0200252
0.0199698
0.0199133
0.0198557
0.0197971
0.0197375
0.0196765
0.0196145
0.0195515
0.0194872
0.0194219
0.0193556
0.019288
0.0192192
0.0191496
0.0190787
0.0190067
0.0189338
0.01886
0.0187853
0.0187096
0.018633
0.0185555
0.0184771
0.0183978
0.0183178
0.018237
0.0181554
0.0180732
0.0179904
0.017907
0.0178232
0.0177389
0.017654
0.0175689
0.0174835
0.0173984
0.0173134
0.0172287
0.0171448
0.0170616
0.0169793
0.0168981
0.0168177
0.0167382
0.0166594
0.0165809
0.0165028
0.0164257
0.0163492
0.0162732
0.0161973
0.0161216
0.0160459
0.0159703
0.0158945
0.0158184
0.0157422
0.0156659
0.0155894
0.0155126
0.0154354
0.0153579
0.01528
0.0152018
0.0151234
0.0150444
0.0149648
0.0148849
0.0148047
0.0147241
0.0146434
0.0145626
0.0144817
0.0144008
0.0143205
0.0142405
0.0141608
0.014081
0.0140016
0.0139227
0.0138444
0.0137668
0.0136896
0.0136126
0.0135359
0.0134596
0.0133836
0.0133078
0.0132323
0.0131571
0.0130819
0.0130072
0.0129331
0.0128598
0.0127875
0.0127161
0.0126459
0.0125774
0.0125125
0.0124524
0.0123962
0.0123437
0.0122949
0.0122493
0.012207
0.0121679
0.0121318
0.0120978
0.0120651
0.0120337
0.0120037
0.011975
0.011948
0.0119228
0.0118991
0.0118771
0.0118564
0.0118366
0.0118174
0.0117992
0.0117819
0.0117653
0.0117494
0.0117343
0.0117199
0.0117061
0.0116931
0.0116808
0.0116691
0.0116581
0.0116478
0.0116381
0.0116291
0.0116209
0.0116135
0.0116068
0.0116007
0.0115954
0.0115909
0.0115873
0.0115844
0.0115823
0.0115812
0.0115811
0.0115819
0.0115836
0.0115864
0.0115902
0.011595
0.0116005
0.0116069
0.0116141
0.0116222
0.011631
0.0116407
0.0116514
0.011663
0.0116753
0.0116883
0.0117024
0.0117173
0.011733
0.0117496
0.0117672
0.0117857
0.0118053
0.011826
0.0118479
0.0118711
0.0118956
0.0119214
0.0119483
0.0119762
0.0120051
0.0120349
0.0120659
0.0120976
0.0121301
0.0121642
0.012199
0.0122343
0.0122703
0.0123064
0.0123425
0.0123785
0.0124146
0.0124504
0.0124862
0.0125219
0.0125573
0.0125927
0.0126278
0.0126627
0.0126974
0.012732
0.0127663
0.0128003
0.0128339
0.0128674
0.0129004
0.0129332
0.0129657
0.0129978
0.0130296
0.0130612
0.0130925
0.0131236
0.0131543
0.0131848
0.0132149
0.0132445
0.0132738
0.0133028
0.0133313
0.0133592
0.0133868
0.0134138
0.0134403
0.0134664
0.0134921
0.0135173
0.013542
0.0135661
0.0135898
0.0136127
0.0136351
0.0136569
0.0136783
0.0136991
0.0137195
0.0137392
0.0137584
0.0137772
0.0137957
0.0138136
0.0138311
0.013848
0.0138643
0.0138799
0.0138949
0.0139094
0.0139233
0.0139365
0.0139492
0.0139612
0.0139724
0.0139829
0.0139928
0.0140022
0.0140108
0.0140183
0.014025
0.0140308
0.0140357
0.0140398
0.0140431
0.0140456
0.014047
0.0140476
0.0140472
0.0140461
0.0140441
0.0140412
0.0140374
0.0140328
0.0140271
0.0140205
0.014013
0.0140047
0.0139954
0.0139851
0.013974
0.013962
0.0139491
0.0139352
0.0139205
0.0139048
0.0138883
0.0138709
0.0138526
0.0138333
0.0138133
0.0137924
0.0137706
0.0137478
0.0137243
0.0136999
0.0136746
0.0136484
0.0136216
0.0135941
0.013566
0.0135375
0.0135082
0.0134785
0.0134485
0.0134181
0.0133873
0.0133561
0.0133244
0.0132923
0.01326
0.0132273
0.0131941
0.0131602
0.0131258
0.0130906
0.0130551
0.0130189
0.0129821
0.0129447
0.0129069
0.0128682
0.012829
0.0127892
0.0127485
0.0127073
0.0126655
0.012623
0.0125799
0.0125362
0.012492
0.0124472
0.0124018
0.0123559
0.0123096
0.0122628
0.0122156
0.012168
0.01212
0.0120718
0.0120233
0.0119745
0.0119256
0.0118767
0.0118281
0.0117798
0.0117318
0.0116844
0.0116375
0.011591
0.0115453
0.0114999
0.011455
0.0114106
0.0113668
0.0113233
0.0112799
0.0112366
0.0111934
0.0111501
0.0111067
0.0110633
0.0110198
0.010976
0.0109321
0.0108878
0.0108433
0.0107986
0.0107535
0.0107081
0.0106623
0.0106163
0.0105701
0.0105237
0.0104768
0.0104297
0.0103827
0.0103358
0.0102892
0.0102426
0.0101959
0.0101491
0.0101022
0.0100551
0.0100079
0.00996066
0.00991326
0.00986567
0.00981797
0.00977009
0.00972197
0.00967377
0.0096255
0.0095771
0.00952871
0.00948029
0.00943189
0.00938347
0.00933514
0.00928696
0.0092391
0.00919185
0.00914546
0.00909989
0.00905523
0.00901161
0.00896904
0.00892754
0.00888712
0.00884792
0.00880993
0.00877305
0.00873678
0.00870062
0.00866455
0.00862856
0.00859278
